
time,npos,epos,alt,phi,theta,psi,vel,alpha,beta,p,q,r,nx,ny,nz,mach,qbar,ps,thrust,ele,ail,rud

 0.00000, 0.00000, 0.00000,15000.00000, 0.00000, 4.46549, 0.00000,500.00000, 4.46549, 0.00000, 0.00000, 0.00000, 0.00000,2120.62145,-2.46069, 0.00000, 0.00000, 0.00000, 0.00000, 0.00000,2120.62145,-2.46069, 0.00000, 0.00000,
 0.10000, 0.00000, 0.00000,15000.00000, 0.00000, 4.46549, 0.00000,500.00000, 4.46549, 0.00000, 0.00000, 0.00000, 0.00000,2120.62145,-2.46069, 0.00000, 0.00000, 0.00000, 0.00000, 0.00000,2120.62145,-2.46069, 0.00000, 0.00000,
 0.20000, 0.00000, 0.00000,15000.00000, 0.00000, 4.46549, 0.00000,500.00000, 4.46549, 0.00000, 0.00000, 0.00000, 0.00000,2120.62145,-2.46069, 0.00000, 0.00000, 0.00000, 0.00000, 0.00000,2120.62145,-2.46069, 0.00000, 0.00000,
 0.30000, 0.00000, 0.00000,15000.00000, 0.00000, 4.46549, 0.00000,500.00000, 4.46549, 0.00000, 0.00000, 0.00000, 0.00000,2120.62145,-2.46069, 0.00000, 0.00000, 0.00000, 0.00000, 0.00000,2120.62145,-2.46069, 0.00000, 0.00000,
 0.40000, 0.00000, 0.00000,15000.00000, 0.00000, 4.46549, 0.00000,500.00000, 4.46549, 0.00000, 0.00000, 0.00000, 0.00000,2120.62145,-2.46069, 0.00000, 0.00000, 0.00000, 0.00000, 0.00000,2120.62145,-2.46069, 0.00000, 0.00000,
 0.50000, 0.00000, 0.00000,15000.00000, 0.00000, 4.46549, 0.00000,500.00000, 4.46549, 0.00000, 0.00000, 0.00000, 0.00000,2120.62145,-2.46069, 0.00000, 0.00000, 0.00000, 0.00000, 0.00000,2120.62145,-2.46069, 0.00000, 0.00000,
 0.60000, 0.00000, 0.00000,15000.00000, 0.00000, 4.46549, 0.00000,500.00000, 4.46549, 0.00000, 0.00000, 0.00000, 0.00000,2120.62145,-2.46069, 0.00000, 0.00000, 0.00000, 0.00000, 0.00000,2120.62145,-2.46069, 0.00000, 0.00000,
 0.70000, 0.00000, 0.00000,15000.00000, 0.00000, 4.46549, 0.00000,500.00000, 4.46549, 0.00000, 0.00000, 0.00000, 0.00000,2120.62145,-2.46069, 0.00000, 0.00000, 0.00000, 0.00000, 0.00000,2120.62145,-2.46069, 0.00000, 0.00000,
 0.80000, 0.00000, 0.00000,15000.00000, 0.00000, 4.46549, 0.00000,500.00000, 4.46549, 0.00000, 0.00000, 0.00000, 0.00000,2120.62145,-2.46069, 0.00000, 0.00000, 0.00000, 0.00000, 0.00000,2120.62145,-2.46069, 0.00000, 0.00000,
 0.90000, 0.00000, 0.00000,15000.00000, 0.00000, 4.46549, 0.00000,500.00000, 4.46549, 0.00000, 0.00000, 0.00000, 0.00000,2120.62145,-2.46069, 0.00000, 0.00000, 0.00000, 0.00000, 0.00000,2120.62145,-2.46069, 0.00000, 0.00000,
 1.00000, 0.00000, 0.00000,15000.00000, 0.00000, 4.46549, 0.00000,500.00000, 4.46549, 0.00000, 0.00000, 0.00000, 0.00000,2120.62147,-2.46069, 0.00011, 0.00000, 0.00000, 0.00000, 0.00011,2120.62145,-0.46069, 0.00000, 0.00000,
 1.10000, 0.00035, 0.00000,15000.00242, 0.00000, 4.43777,-0.00000,500.00959, 4.43126, 0.00000, 0.00000,-0.71868,-0.00000,2120.62747,-2.46069, 0.01815, 0.00001, 0.00717,-0.00012, 0.01815,2120.62145,-0.46069, 0.00000, 0.00000,
 1.20000, 0.00232, 0.00000,15000.00953, 0.00000, 4.31095,-0.00000,500.03192, 4.30339, 0.00000, 0.00000,-1.82151,-0.00000,2120.62641,-2.46069,-0.01774, 0.00003, 0.02386,-0.00046,-0.01774,2120.62145,-0.46069, 0.00000, 0.00000,
 1.30000, 0.00724, 0.00000,15000.01058, 0.00000, 4.07568,-0.00000,500.06962, 4.08419, 0.00000, 0.00000,-2.86581,-0.00000,2120.62374,-2.46069,-0.07256, 0.00007, 0.05210,-0.00051,-0.07256,2120.62145,-0.46069, 0.00000, 0.00000,
 1.40000, 0.01696, 0.00000,14999.98811, 0.00000, 3.74178,-0.00000,500.12876, 3.78886, 0.00000, 0.00000,-3.79136,-0.00000,2120.62031,-2.46069,-0.13903, 0.00012, 0.09655, 0.00057,-0.13903,2120.62145,-0.46069, 0.00000, 0.00000,
 1.50000, 0.03390, 0.00000,14999.92079, 0.00000, 3.32162,-0.00000,500.21503, 3.43341, 0.00000, 0.00000,-4.59099,-0.00000,2120.61638,-2.46069,-0.21376, 0.00020, 0.16160, 0.00382,-0.21376,2120.62145,-0.46069, 0.00000, 0.00000,
 1.60000, 0.06103, 0.00000,14999.78463, 0.00000, 2.82772,-0.00000,500.33327, 3.03293, 0.00000, 0.00000,-5.26651,-0.00000,2120.61209,-2.46069,-0.29409, 0.00032, 0.25102, 0.01038,-0.29409,2120.62145,-0.46069, 0.00000, 0.00000,
 1.70000, 0.10176, 0.00000,14999.55382, 0.00000, 2.27230,-0.00000,500.48745, 2.60123, 0.00000, 0.00000,-5.82254,-0.00000,2120.60758,-2.46069,-0.37766, 0.00046, 0.36796, 0.02150,-0.37766,2120.62145,-0.46069, 0.00000, 0.00000,
 1.80000, 0.15983, 0.00000,14999.20149, 0.00000, 1.66699,-0.00000,500.68074, 2.15076, 0.00000, 0.00000,-6.26541,-0.00000,2120.60296,-2.46069,-0.46242, 0.00064, 0.51493, 0.03849,-0.46242,2120.62145,-0.46069, 0.00000, 0.00000,
 1.90000, 0.23929, 0.00000,14998.70038, 0.00000, 1.02274,-0.00000,500.91550, 1.69259, 0.00000, 0.00000,-6.60269,-0.00000,2120.59834,-2.46069,-0.54656, 0.00086, 0.69389, 0.06264,-0.54656,2120.62145,-0.46069, 0.00000, 0.00000,
 2.00000, 0.34437, 0.00000,14998.02344, 0.00000, 0.34969,-0.00000,501.19340, 1.23632, 0.00000, 0.00000,-6.84284, 0.00000,2120.59379,-2.46069,-0.62855, 0.00113, 0.90623, 0.09526,-0.62855,2120.62145,-0.46069, 0.00000, 0.00000,
 2.10000, 0.47944, 0.00000,14997.14428, 0.00000,-0.34290,-0.00000,501.51546, 0.79019, 0.00000, 0.00000,-6.99497, 0.00000,2120.58939,-2.46069,-0.70712, 0.00143, 1.15290, 0.13764,-0.70712,2120.62145,-0.46069, 0.00000, 0.00000,
 2.20000, 0.64895, 0.00000,14996.03762, 0.00000,-1.04669,-0.00000,501.88212, 0.36107, 0.00000, 0.00000,-7.06856, 0.00000,2120.58521,-2.46069,-0.78124, 0.00177, 1.43438, 0.19098,-0.78124,2120.62145,-0.46069, 0.00000, 0.00000,
 2.30000, 0.85735, 0.00000,14994.67960, 0.00000,-1.75431, 0.00000,502.29334,-0.04547, 0.00000, 0.00000,-7.07320, 0.00000,2120.58128,-2.46069,-0.85009, 0.00216, 1.75077, 0.25643,-0.85009,2120.62145,-0.46069, 0.00000, 0.00000,
 2.40000, 1.10908, 0.00000,14993.04805, 0.00000,-2.45935, 0.00000,502.74862,-0.42508, 0.00000, 0.00000,-7.01844, 0.00000,2120.57764,-2.46069,-0.91308, 0.00259, 2.10185, 0.33506,-0.91308,2120.62145,-0.46069, 0.00000, 0.00000,
 2.50000, 1.40852, 0.00000,14991.12269, 0.00000,-3.15633, 0.00000,503.24714,-0.77451, 0.00000, 0.00000,-6.91357, 0.00000,2120.57432,-2.46069,-0.96982, 0.00306, 2.48711, 0.42786,-0.96982,2120.62145,-0.46069, 0.00000, 0.00000,
 2.60000, 1.75991, 0.00000,14988.88524, 0.00000,-3.84069, 0.00000,503.78774,-1.09156, 0.00000, 0.00000,-6.76752, 0.00000,2120.57133,-2.46069,-1.02008, 0.00357, 2.90580, 0.53570,-1.02008,2120.62145,-0.46069, 0.00000, 0.00000,
 2.70000, 2.16742, 0.00000,14986.31951, 0.00000,-4.50874, 0.00000,504.36904,-1.37495, 0.00000, 0.00000,-6.58872, 0.00000,2120.56868,-2.46069,-1.06378, 0.00411, 3.35700, 0.65936,-1.06378,2120.62145,-0.46069, 0.00000, 0.00000,
 2.80000, 2.63503, 0.00000,14983.41140, 0.00000,-5.15760, 0.00000,504.98951,-1.62422, 0.00000, 0.00000,-6.38503, 0.00000,2120.56637,-2.46069,-1.10097, 0.00469, 3.83962, 0.79952,-1.10097,2120.62145,-0.46069, 0.00000, 0.00000,
 2.90000, 3.16657, 0.00000,14980.14894, 0.00000,-5.78516, 0.00000,505.64747,-1.83962, 0.00000, 0.00000,-6.16365, 0.00000,2120.56439,-2.46069,-1.13184, 0.00531, 4.35250, 0.95677,-1.13184,2120.62145,-0.46069, 0.00000, 0.00000,
 3.00000, 3.76571, 0.00000,14976.52216, 0.00000,-6.38996, 0.00000,506.34115,-2.02200, 0.00000, 0.00000,-5.93110, 0.00000,2120.56268,-2.46069,-1.15686, 0.00596, 4.89436, 1.13157,-1.15686,2120.62145,-4.46069, 0.00000, 0.00000,
 3.10000, 4.43523, 0.00000,14972.51821, 0.00000,-6.91575, 0.00000,507.04961,-2.10425, 0.00000, 0.00000,-4.25583, 0.00000,2120.54933,-2.46069,-1.21202, 0.00662, 5.44960, 1.32455,-1.21202,2120.62145,-4.46069, 0.00000, 0.00000,
 3.20000, 5.17590, 0.00000,14968.12640, 0.00000,-7.21950, 0.00000,507.76476,-1.96933, 0.00000, 0.00000,-1.81194, 0.00000,2120.55036,-2.46069,-1.15399, 0.00729, 6.01221, 1.53622,-1.15399,2120.62145,-4.46069, 0.00000, 0.00000,
 3.30000, 5.98818, 0.00000,14963.36376, 0.00000,-7.28271, 0.00000,508.47958,-1.62392, 0.00000, 0.00000, 0.51082, 0.00000,2120.55489,-2.46069,-1.05321, 0.00796, 6.57683, 1.76577,-1.05321,2120.62145,-4.46069, 0.00000, 0.00000,
 3.40000, 6.87134, 0.00000,14958.26235, 0.00000,-7.12559, 0.00000,509.18026,-1.10074, 0.00000, 0.00000, 2.58837, 0.00000,2120.56116,-2.46069,-0.92470, 0.00861, 7.13292, 2.01164,-0.92470,2120.62145,-4.46069, 0.00000, 0.00000,
 3.50000, 7.82332, 0.00000,14952.86337, 0.00000,-6.77381, 0.00000,509.85383,-0.43428, 0.00000, 0.00000, 4.40335, 0.00000,2120.56866,-2.46069,-0.77575, 0.00924, 7.67052, 2.27186,-0.77575,2120.62145,-4.46069, 0.00000, 0.00000,
 3.60000, 8.84083, 0.00000,14947.21463, 0.00000,-6.25364, 0.00000,510.48908, 0.34273, 0.00000, 0.00000, 5.95704, 0.00000,2120.57704,-2.46069,-0.61217, 0.00983, 8.18093, 2.54411,-0.61217,2120.62145,-4.46069, 0.00000, 0.00000,
 3.70000, 9.91955, 0.00000,14941.36866, 0.00000,-5.59087, 0.00000,511.07668, 1.20008, 0.00000, 0.00000, 7.25691, 0.00000,2120.58603,-2.46069,-0.43913, 0.01038, 8.65683, 2.82587,-0.43913,2120.62145,-4.46069, 0.00000, 0.00000,
 3.80000,11.05432, 0.00000,14935.38109, 0.00000,-4.81034, 0.00000,511.60905, 2.11029, 0.00000, 0.00000, 8.31435, 0.00000,2120.59537,-2.46069,-0.26123, 0.01087, 9.09221, 3.11445,-0.26123,2120.62145,-4.46069, 0.00000, 0.00000,
 3.90000,12.23932, 0.00000,14929.30908, 0.00000,-3.93560, 0.00000,512.08030, 3.04878, 0.00000, 0.00000, 9.14375, 0.00000,2120.60483,-2.46069,-0.08252, 0.01131, 9.48231, 3.40711,-0.08252,2120.62145,-4.46069, 0.00000, 0.00000,
 4.00000,13.46820, 0.00000,14923.21012, 0.00000,-2.98864, 0.00000,512.48609, 3.99393, 0.00000, 0.00000, 9.76173, 0.00000,2120.61422,-2.46069, 0.09352, 0.01168, 9.82353, 3.70106, 0.09352,2120.62145,-4.46069, 0.00000, 0.00000,
 4.10000,14.73426, 0.00000,14917.14083, 0.00000,-1.98969, 0.00000,512.82349, 4.92704, 0.00000, 0.00000,10.18654, 0.00000,2120.62338,-2.46069, 0.26395, 0.01199,10.11332, 3.99358, 0.26395,2120.62145,-4.46069, 0.00000, 0.00000,
 4.20000,16.03056, 0.00000,14911.15604, 0.00000,-0.95713, 0.00000,513.09084, 5.83229, 0.00000,-0.00000,10.43748, 0.00000,2120.63216,-2.46069, 0.42633, 0.01223,10.35011, 4.28203, 0.42633,2120.62145,-4.46069, 0.00000, 0.00000,
 4.30000,17.35007, 0.00000,14905.30799, 0.00000, 0.09267, 0.00000,513.28760, 6.69661, 0.00000,-0.00000,10.53440, 0.00000,2120.64045,-2.46069, 0.57873, 0.01240,10.53318, 4.56389, 0.57873,2120.62145,-4.46069, 0.00000, 0.00000,
 4.40000,18.68574, 0.00000,14899.64575, 0.00000, 1.14528, 0.00000,513.41420, 7.50957, 0.00000,-0.00000,10.49722, 0.00000,2120.64817,-2.46069, 0.71968, 0.01251,10.66255, 4.83680, 0.71968,2120.62145,-4.46069, 0.00000, 0.00000,
 4.50000,20.03061, 0.00000,14894.21468, 0.00000, 2.18830, 0.00000,513.47192, 8.26318, 0.00000,-0.00000,10.34559, 0.00000,2120.65526,-2.46069, 0.84814, 0.01256,10.73890, 5.09856, 0.84814,2120.62145,-4.46069, 0.00000, 0.00000,
 4.60000,21.37789, 0.00000,14889.05617, 0.00000, 3.21122, 0.00000,513.46270, 8.95170, 0.00000,-0.00000,10.09850, 0.00000,2120.66167,-2.46069, 0.96342, 0.01254,10.76343, 5.34719, 0.96342,2120.62145,-4.46069, 0.00000, 0.00000,
 4.70000,22.72101, 0.00000,14884.20732, 0.00000, 4.20542, 0.00000,513.38905, 9.57141, 0.00000,-0.00000, 9.77406, 0.00000,2120.66738,-2.46069, 1.06522, 0.01246,10.73780, 5.58089, 1.06522,2120.62145,-4.46069, 0.00000, 0.00000,
 4.80000,24.05365, 0.00000,14879.70095, 0.00000, 5.16402, 0.00000,513.25391,10.12045, 0.00000,-0.00000, 9.38927, 0.00000,2120.67237,-2.46069, 1.15348, 0.01232,10.66400, 5.79808, 1.15348,2120.62145,-4.46069, 0.00000, 0.00000,
 4.90000,25.36985, 0.00000,14875.56549, 0.00000, 6.08179, 0.00000,513.06053,10.59853, 0.00000,-0.00000, 8.95987, 0.00000,2120.67667,-2.46069, 1.22846, 0.01213,10.54431, 5.99740, 1.22846,2120.62145,-4.46069, 0.00000, 0.00000,
 5.00000,26.66393, 0.00000,14871.82511, 0.00000, 6.95499, 0.00000,512.81237,11.00674,-0.00000,-0.00000, 8.50019, 0.00000,2120.68031,-2.46069, 1.29069, 0.01189,10.38117, 6.17768, 1.29069,2120.62145,-2.46069, 0.00000, 0.00000,
 5.10000,27.93097, 0.00000,14868.50227, 0.00000, 7.75353, 0.00000,512.52261,11.31313,-0.00000,-0.00000, 7.30442,-0.00000,2120.68927,-2.46069, 1.35863, 0.01161,10.18431, 6.33783, 1.35863,2120.62145,-2.46069, 0.00000, 0.00000,
 5.20000,29.16727, 0.00000,14865.61534, 0.00000, 8.40487, 0.00000,512.19800,11.46149,-0.00000,-0.00000, 5.71846,-0.00000,2120.69057,-2.46069, 1.36118, 0.01130, 9.95868, 6.47697, 1.36118,2120.62145,-2.46069, 0.00000, 0.00000,
 5.30000,30.36961, 0.00000,14863.16598, 0.00000, 8.89957, 0.00000,511.84476,11.45812,-0.00000,-0.00000, 4.19489,-0.00000,2120.68967,-2.46069, 1.33420, 0.01096, 9.70893, 6.59502, 1.33420,2120.62145,-2.46069, 0.00000, 0.00000,
 5.40000,31.53559, 0.00000,14861.14573, 0.00000, 9.24825, 0.00000,511.47242,11.32276,-0.00000,-0.00000, 2.80232,-0.00000,2120.68751,-2.46069, 1.28592, 0.01060, 9.44226, 6.69239, 1.28592,2120.62145,-2.46069, 0.00000, 0.00000,
 5.50000,32.66376, 0.00000,14859.53915, 0.00000, 9.46488, 0.00000,511.09000,11.07639,-0.00000,-0.00000, 1.55490,-0.00000,2120.68436,-2.46069, 1.22072, 0.01024, 9.16551, 6.76983, 1.22072,2120.62145,-2.46069, 0.00000, 0.00000,
 5.60000,33.75352, 0.00000,14858.32535, 0.00000, 9.56420, 0.00000,510.70547,10.73933,-0.00000,-0.00000, 0.45644,-0.00000,2120.68045,-2.46069, 1.14228, 0.00987, 8.88479, 6.82833, 1.14228,2120.62145,-2.46069, 0.00000, 0.00000,
 5.70000,34.80501, 0.00000,14857.47917, 0.00000, 9.56112, 0.00000,510.32573,10.33074,-0.00000,-0.00000,-0.49332,-0.00000,2120.67596,-2.46069, 1.05396, 0.00951, 8.60541, 6.86911, 1.05396,2120.62145,-2.46069, 0.00000, 0.00000,
 5.80000,35.81902, 0.00000,14856.97224, 0.00000, 9.47039, 0.00000,509.95660, 9.86842,-0.00000,-0.00000,-1.29753,-0.00000,2120.67104,-2.46069, 0.95882, 0.00916, 8.33192, 6.89354, 0.95882,2120.62145,-2.46069, 0.00000, 0.00000,
 5.90000,36.79685, 0.00000,14856.77401,-0.00000, 9.30629, 0.00000,509.60286, 9.36869, 0.00000,-0.00000,-1.96163,-0.00000,2120.66587,-2.46069, 0.85961, 0.00883, 8.06808, 6.90310, 0.85961,2120.62145,-2.46069, 0.00000, 0.00000,
 6.00000,37.74023, 0.00000,14856.85257,-0.00000, 9.08249, 0.00000,509.26833, 8.84625, 0.00000,-0.00000,-2.49293,-0.00000,2120.66056,-2.46069, 0.75877, 0.00851, 7.81695, 6.89931, 0.75877,2120.62145,-2.46069, 0.00000, 0.00000,
 6.10000,38.65125, 0.00000,14857.17551,-0.00000, 8.81184, 0.00000,508.95590, 8.31414, 0.00000,-0.00000,-2.90021,-0.00000,2120.65524,-2.46069, 0.65842, 0.00821, 7.58088, 6.88375, 0.65842,2120.62145,-2.46069, 0.00000, 0.00000,
 6.20000,39.53222, 0.00000,14857.71055,-0.00000, 8.50625, 0.00000,508.66764, 7.78375, 0.00000,-0.00000,-3.19335,-0.00000,2120.65001,-2.46069, 0.56039, 0.00794, 7.36164, 6.85796, 0.56039,2120.62145,-2.46069, 0.00000, 0.00000,
 6.30000,40.38563, 0.00000,14858.42617,-0.00000, 8.17662, 0.00000,508.40486, 7.26484, 0.00000,-0.00000,-3.38297,-0.00000,2120.64495,-2.46069, 0.46619, 0.00769, 7.16038, 6.82347, 0.46619,2120.62145,-2.46069, 0.00000, 0.00000,
 6.40000,41.21406, 0.00000,14859.29205,-0.00000, 7.83274, 0.00000,508.16818, 6.76556, 0.00000,-0.00000,-3.48015,-0.00000,2120.64014,-2.46069, 0.37705, 0.00747, 6.97776, 6.78174, 0.37705,2120.62145,-2.46069, 0.00000, 0.00000,
 6.50000,42.02014, 0.00000,14860.27951,-0.00000, 7.48330, 0.00000,507.95764, 6.29252, 0.00000,-0.00000,-3.49613,-0.00000,2120.63564,-2.46069, 0.29393, 0.00727, 6.81400, 6.73414, 0.29393,2120.62145,-2.46069, 0.00000, 0.00000,
 6.60000,42.80645, 0.00000,14861.36178,-0.00000, 7.13585, 0.00000,507.77279, 5.85094, 0.00000,-0.00000,-3.44211,-0.00000,2120.63148,-2.46069, 0.21754, 0.00710, 6.66889, 6.68198, 0.21754,2120.62145,-2.46069, 0.00000, 0.00000,
 6.70000,43.57552, 0.00000,14862.51428,-0.00000, 6.79685, 0.00000,507.61273, 5.44468, 0.00000,-0.00000,-3.32900,-0.00000,2120.62769,-2.46069, 0.14836, 0.00695, 6.54194, 6.62643, 0.14836,2120.62145,-2.46069, 0.00000, 0.00000,
 6.80000,44.32978, 0.00000,14863.71472,-0.00000, 6.47167, 0.00000,507.47621, 5.07641, 0.00000,-0.00000,-3.16730,-0.00000,2120.62430,-2.46069, 0.08668, 0.00682, 6.43233, 6.56858, 0.08668,2120.62145,-2.46069, 0.00000, 0.00000,
 6.90000,45.07150, 0.00000,14864.94324,-0.00000, 6.16467, 0.00000,507.36171, 4.74769, 0.00000,-0.00000,-2.96693,-0.00000,2120.62130,-2.46069, 0.03260, 0.00672, 6.33905, 6.50936, 0.03260,2120.62145,-2.46069, 0.00000, 0.00000,
 7.00000,45.80280, 0.00000,14866.18242,-0.00000, 5.87926, 0.00000,507.26750, 4.45912, 0.00000,-0.00000,-2.73713,-0.00000,2120.61871,-2.46069,-0.01395, 0.00663, 6.26091, 6.44964,-0.01395,2120.62145,-2.46069, 0.00000, 0.00000,
 7.10000,46.52561, 0.00000,14867.41726,-0.00000, 5.61794, 0.00000,507.19171, 4.21047, 0.00000,-0.00000,-2.48641,-0.00000,2120.61651,-2.46069,-0.05316, 0.00656, 6.19660, 6.39012,-0.05316,2120.62145,-2.46069, 0.00000, 0.00000,
 7.20000,47.24169, 0.00000,14868.63510,-0.00000, 5.38242, 0.00000,507.13237, 4.00078, 0.00000,-0.00000,-2.22245,-0.00000,2120.61469,-2.46069,-0.08532, 0.00651, 6.14471, 6.33143,-0.08532,2120.62145,-2.46069, 0.00000, 0.00000,
 7.30000,47.95257, 0.00000,14869.82559,-0.00000, 5.17367,-0.00000,507.08746, 3.82849, 0.00000,-0.00000,-1.95209,-0.00000,2120.61323,-2.46069,-0.11084, 0.00647, 6.10381, 6.27405,-0.11084,2120.62145,-2.46069, 0.00000, 0.00000,
 7.40000,48.65959, 0.00000,14870.98048,-0.00000, 4.99201,-0.00000,507.05499, 3.69156, 0.00000,-0.00000,-1.68135,-0.00000,2120.61211,-2.46069,-0.13017, 0.00644, 6.07244, 6.21839,-0.13017,2120.62145,-2.46069, 0.00000, 0.00000,
 7.50000,49.36391, 0.00000,14872.09354,-0.00000, 4.83724,-0.00000,507.03299, 3.58759, 0.00000,-0.00000,-1.41538,-0.00000,2120.61130,-2.46069,-0.14383, 0.00642, 6.04917, 6.16474,-0.14383,2120.62145,-2.46069, 0.00000, 0.00000,
 7.60000,50.06648, 0.00000,14873.16034,-0.00000, 4.70863,-0.00000,507.01955, 3.51387, 0.00000,-0.00000,-1.15853,-0.00000,2120.61076,-2.46069,-0.15236, 0.00641, 6.03260, 6.11332,-0.15236,2120.62145,-2.46069, 0.00000, 0.00000,
 7.70000,50.76805, 0.00000,14874.17813,-0.00000, 4.60511,-0.00000,507.01290, 3.46752, 0.00000,-0.00000,-0.91434,-0.00000,2120.61049,-2.46069,-0.15633, 0.00641, 6.02141, 6.06427,-0.15633,2120.62145,-2.46069, 0.00000, 0.00000,
 7.80000,51.46923, 0.00000,14875.14560,-0.00000, 4.52525,-0.00000,507.01133, 3.44555, 0.00000,-0.00000,-0.68565,-0.00000,2120.61043,-2.46069,-0.15632, 0.00641, 6.01435, 6.01764,-0.15632,2120.62145,-2.46069, 0.00000, 0.00000,
 7.90000,52.17044, 0.00000,14876.06275,-0.00000, 4.46739,-0.00000,507.01332, 3.44493, 0.00000,-0.00000,-0.47456,-0.00000,2120.61056,-2.46069,-0.15289, 0.00641, 6.01025, 5.97343,-0.15289,2120.62145,-2.46069, 0.00000, 0.00000,
 8.00000,52.87196, 0.00000,14876.93066,-0.00000, 4.42970,-0.00000,507.01746, 3.46267, 0.00000,-0.00000,-0.28258,-0.00000,2120.61086,-2.46069,-0.14659, 0.00642, 6.00806, 5.93160,-0.14659,2120.62145,-2.46069, 0.00000, 0.00000,
 8.10000,53.57396, 0.00000,14877.75135,-0.00000, 4.41021,-0.00000,507.02248, 3.49583, 0.00000,-0.00000,-0.11063,-0.00000,2120.61129,-2.46069,-0.13795, 0.00642, 6.00682, 5.89205,-0.13795,2120.62145,-2.46069, 0.00000, 0.00000,
 8.20000,54.27645, 0.00000,14878.52758,-0.00000, 4.40689,-0.00000,507.02729, 3.54163, 0.00000,-0.00000, 0.04088,-0.00000,2120.61183,-2.46069,-0.12746, 0.00643, 6.00569, 5.85464,-0.12746,2120.62145,-2.46069, 0.00000, 0.00000,
 8.30000,54.97938, 0.00000,14879.26272,-0.00000, 4.41770,-0.00000,507.03094, 3.59741, 0.00000,-0.00000, 0.17197,-0.00000,2120.61245,-2.46069,-0.11559, 0.00643, 6.00395, 5.81920,-0.11559,2120.62145,-2.46069, 0.00000, 0.00000,
 8.40000,55.68257, 0.00000,14879.96059,-0.00000, 4.44062,-0.00000,507.03262, 3.66073, 0.00000,-0.00000, 0.28305,-0.00000,2120.61313,-2.46069,-0.10276, 0.00644, 6.00095, 5.78557,-0.10276,2120.62145,-2.46069, 0.00000, 0.00000,
 8.50000,56.38581, 0.00000,14880.62530,-0.00000, 4.47367,-0.00000,507.03167, 3.72933, 0.00000,-0.00000, 0.37486,-0.00000,2120.61385,-2.46069,-0.08935, 0.00644, 5.99619, 5.75353,-0.08935,2120.62145,-2.46069, 0.00000, 0.00000,
 8.60000,57.08880, 0.00000,14881.26116,-0.00000, 4.51498,-0.00000,507.02755, 3.80118, 0.00000,-0.00000, 0.44836,-0.00000,2120.61458,-2.46069,-0.07569, 0.00643, 5.98923, 5.72289,-0.07569,2120.62145,-2.46069, 0.00000, 0.00000,
 8.70000,57.79120, 0.00000,14881.87258,-0.00000, 4.56277,-0.00000,507.01988, 3.87448, 0.00000,-0.00000, 0.50477,-0.00000,2120.61532,-2.46069,-0.06209, 0.00643, 5.97976, 5.69342,-0.06209,2120.62145,-2.46069, 0.00000, 0.00000,
 8.80000,58.49265, 0.00000,14882.46391,-0.00000, 4.61541,-0.00000,507.00837, 3.94764, 0.00000,-0.00000, 0.54542,-0.00000,2120.61605,-2.46069,-0.04879, 0.00642, 5.96752, 5.66492,-0.04879,2120.62145,-2.46069, 0.00000, 0.00000,
 8.90000,59.19274, 0.00000,14883.03945,-0.00000, 4.67138,-0.00000,506.99282, 4.01933, 0.00000,-0.00000, 0.57176,-0.00000,2120.61675,-2.46069,-0.03600, 0.00640, 5.95237, 5.63718,-0.03600,2120.62145,-2.46069, 0.00000, 0.00000,
 9.00000,59.89108, 0.00000,14883.60330,-0.00000, 4.72933,-0.00000,506.97316, 4.08839, 0.00000,-0.00000, 0.58532,-0.00000,2120.61743,-2.46069,-0.02390, 0.00639, 5.93420, 5.61000,-0.02390,2120.62145,-2.46069, 0.00000, 0.00000,
 9.10000,60.58724, 0.00000,14884.15936,-0.00000, 4.78807,-0.00000,506.94937, 4.15392, 0.00000,-0.00000, 0.58763,-0.00000,2120.61806,-2.46069,-0.01262, 0.00636, 5.91299, 5.58320,-0.01262,2120.62145,-2.46069, 0.00000, 0.00000,
 9.20000,61.28081, 0.00000,14884.71126,-0.00000, 4.84654,-0.00000,506.92152, 4.21518, 0.00000,-0.00000, 0.58022,-0.00000,2120.61864,-2.46069,-0.00226, 0.00634, 5.88876, 5.55660,-0.00226,2120.62145,-2.46069, 0.00000, 0.00000,
 9.30000,61.97141, 0.00000,14885.26235,-0.00000, 4.90384,-0.00000,506.88974, 4.27163, 0.00000,-0.00000, 0.56460,-0.00000,2120.61917,-2.46069, 0.00712, 0.00631, 5.86158, 5.53004, 0.00712,2120.62145,-2.46069, 0.00000, 0.00000,
 9.40000,62.65864, 0.00000,14885.81563,-0.00000, 4.95923,-0.00000,506.85419, 4.32290, 0.00000,-0.00000, 0.54222,-0.00000,2120.61965,-2.46069, 0.01547, 0.00628, 5.83157, 5.50337, 0.01547,2120.62145,-2.46069, 0.00000, 0.00000,
 9.50000,63.34213, 0.00000,14886.37380,-0.00000, 5.01210,-0.00000,506.81509, 4.36875, 0.00000,-0.00000, 0.51443,-0.00000,2120.62007,-2.46069, 0.02277, 0.00624, 5.79887, 5.47647, 0.02277,2120.62145,-2.46069, 0.00000, 0.00000,
 9.60000,64.02154, 0.00000,14886.93921,-0.00000, 5.06198,-0.00000,506.77267, 4.40911, 0.00000,-0.00000, 0.48252,-0.00000,2120.62044,-2.46069, 0.02904, 0.00620, 5.76364, 5.44922, 0.02904,2120.62145,-2.46069, 0.00000, 0.00000,
 9.70000,64.69656, 0.00000,14887.51388,-0.00000, 5.10851,-0.00000,506.72719, 4.44399, 0.00000,-0.00000, 0.44765,-0.00000,2120.62076,-2.46069, 0.03430, 0.00616, 5.72607, 5.42152, 0.03430,2120.62145,-2.46069, 0.00000, 0.00000,
 9.80000,65.36689, 0.00000,14888.09952,-0.00000, 5.15145,-0.00000,506.67894, 4.47353, 0.00000,-0.00000, 0.41089,-0.00000,2120.62102,-2.46069, 0.03858, 0.00612, 5.68634, 5.39330, 0.03858,2120.62145,-2.46069, 0.00000, 0.00000,
 9.90000,66.03226, 0.00000,14888.69749,-0.00000, 5.19065,-0.00000,506.62818, 4.49791, 0.00000,-0.00000, 0.37319,-0.00000,2120.62124,-2.46069, 0.04195, 0.00607, 5.64467, 5.36447, 0.04195,2120.62145,-2.46069, 0.00000, 0.00000,
10.00000,66.69245, 0.00000,14889.30889,-0.00000, 5.22608,-0.00000,506.57521, 4.51744, 0.00000,-0.00000, 0.33537,-0.00000,2120.62140,-2.46069, 0.04447, 0.00602, 5.60125, 5.33501, 0.04447,2120.62145,-2.46069, 0.00000, 0.00000,
10.10000,67.34724, 0.00000,14889.93453,-0.00000, 5.25775,-0.00000,506.52028, 4.53242, 0.00000,-0.00000, 0.29816,-0.00000,2120.62153,-2.46069, 0.04620, 0.00597, 5.55628, 5.30485, 0.04620,2120.62145,-2.46069, 0.00000, 0.00000,
10.20000,67.99645, 0.00000,14890.57498,-0.00000, 5.28575,-0.00000,506.46368, 4.54323, 0.00000,-0.00000, 0.26215,-0.00000,2120.62161,-2.46069, 0.04722, 0.00592, 5.50997, 5.27398, 0.04722,2120.62145,-2.46069, 0.00000, 0.00000,
10.30000,68.63993, 0.00000,14891.23055,-0.00000, 5.31023,-0.00000,506.40564, 4.55026, 0.00000,-0.00000, 0.22784,-0.00000,2120.62166,-2.46069, 0.04760, 0.00586, 5.46249, 5.24239, 0.04760,2120.62145,-2.46069, 0.00000, 0.00000,
10.40000,69.27754, 0.00000,14891.90139,-0.00000, 5.33139,-0.00000,506.34642, 4.55393, 0.00000,-0.00000, 0.19562,-0.00000,2120.62168,-2.46069, 0.04744, 0.00581, 5.41402, 5.21006, 0.04744,2120.62145,-2.46069, 0.00000, 0.00000,
10.50000,69.90918, 0.00000,14892.58743,-0.00000, 5.34944,-0.00000,506.28621, 4.55464, 0.00000,-0.00000, 0.16580,-0.00000,2120.62168,-2.46069, 0.04680, 0.00575, 5.36473, 5.17699, 0.04680,2120.62145,-2.46069, 0.00000, 0.00000,
10.60000,70.53476, 0.00000,14893.28849,-0.00000, 5.36463,-0.00000,506.22523, 4.55281, 0.00000,-0.00000, 0.13857,-0.00000,2120.62165,-2.46069, 0.04575, 0.00570, 5.31477, 5.14320, 0.04575,2120.62145,-2.46069, 0.00000, 0.00000,
10.70000,71.15421, 0.00000,14894.00421,-0.00000, 5.37724,-0.00000,506.16365, 4.54884, 0.00000,-0.00000, 0.11408,-0.00000,2120.62160,-2.46069, 0.04438, 0.00564, 5.26427, 5.10871, 0.04438,2120.62145,-2.46069, 0.00000, 0.00000,
10.80000,71.76747, 0.00000,14894.73416,-0.00000, 5.38754,-0.00000,506.10163, 4.54311, 0.00000,-0.00000, 0.09239,-0.00000,2120.62154,-2.46069, 0.04275, 0.00558, 5.21335, 5.07352, 0.04275,2120.62145,-2.46069, 0.00000, 0.00000,
10.90000,72.37452, 0.00000,14895.47783,-0.00000, 5.39581,-0.00000,506.03931, 4.53600, 0.00000,-0.00000, 0.07349,-0.00000,2120.62147,-2.46069, 0.04093, 0.00552, 5.16212, 5.03768, 0.04093,2120.62145,-2.46069, 0.00000, 0.00000,
11.00000,72.97533, 0.00000,14896.23462,-0.00000, 5.40233,-0.00000,505.97679, 4.52783, 0.00000,-0.00000, 0.05733,-0.00000,2120.62138,-2.46069, 0.03897, 0.00547, 5.11066, 5.00121, 0.03897,2120.62145,-2.46069, 0.00000, 0.00000,
11.10000,73.56988, 0.00000,14897.00391,-0.00000, 5.40737,-0.00000,505.91419, 4.51892, 0.00000,-0.00000, 0.04382,-0.00000,2120.62130,-2.46069, 0.03692, 0.00541, 5.05907, 4.96413, 0.03692,2120.62145,-2.46069, 0.00000, 0.00000,
11.20000,74.15817, 0.00000,14897.78504,-0.00000, 5.41118,-0.00000,505.85157, 4.50955, 0.00000,-0.00000, 0.03282,-0.00000,2120.62121,-2.46069, 0.03484, 0.00535, 5.00739, 4.92648, 0.03484,2120.62145,-2.46069, 0.00000, 0.00000,
11.30000,74.74019, 0.00000,14898.57733,-0.00000, 5.41401,-0.00000,505.78900, 4.49997, 0.00000,-0.00000, 0.02418,-0.00000,2120.62112,-2.46069, 0.03275, 0.00529, 4.95568, 4.88829, 0.03275,2120.62145,-2.46069, 0.00000, 0.00000,
11.40000,75.31597, 0.00000,14899.38013,-0.00000, 5.41609,-0.00000,505.72652, 4.49039, 0.00000,-0.00000, 0.01770,-0.00000,2120.62103,-2.46069, 0.03071, 0.00523, 4.90397, 4.84960, 0.03071,2120.62145,-2.46069, 0.00000, 0.00000,
11.50000,75.88550, 0.00000,14900.19276,-0.00000, 5.41762,-0.00000,505.66417, 4.48101, 0.00000,-0.00000, 0.01319,-0.00000,2120.62094,-2.46069, 0.02873, 0.00518, 4.85230, 4.81043, 0.02873,2120.62145,-2.46069, 0.00000, 0.00000,
11.60000,76.44881, 0.00000,14901.01461,-0.00000, 5.41879,-0.00000,505.60196, 4.47198, 0.00000,-0.00000, 0.01044,-0.00000,2120.62086,-2.46069, 0.02685, 0.00512, 4.80068, 4.77082, 0.02685,2120.62145,-2.46069, 0.00000, 0.00000,
11.70000,77.00590, 0.00000,14901.84505,-0.00000, 5.41976,-0.00000,505.53990, 4.46343, 0.00000,-0.00000, 0.00925,-0.00000,2120.62079,-2.46069, 0.02507, 0.00506, 4.74912, 4.73080, 0.02507,2120.62145,-2.46069, 0.00000, 0.00000,
11.80000,77.55679, 0.00000,14902.68352,-0.00000, 5.42068,-0.00000,505.47798, 4.45547, 0.00000,-0.00000, 0.00939,-0.00000,2120.62072,-2.46069, 0.02342, 0.00501, 4.69761, 4.69039, 0.02342,2120.62145,-2.46069, 0.00000, 0.00000,
11.90000,78.10150, 0.00000,14903.52949,-0.00000, 5.42167,-0.00000,505.41620, 4.44816, 0.00000,-0.00000, 0.01067,-0.00000,2120.62066,-2.46069, 0.02190, 0.00495, 4.64617, 4.64961, 0.02190,2120.62145,-2.46069, 0.00000, 0.00000,
12.00000,78.64004,-0.00000,14904.38247,-0.00000, 5.42285,-0.00000,505.35453, 4.44156, 0.00000,-0.00000, 0.01289,-0.00000,2120.62060,-2.46069, 0.02052, 0.00489, 4.59476, 4.60850, 0.02052,2120.62145,-2.46069, 0.00000, 0.00000,
12.10000,79.17241,-0.00000,14905.24202,-0.00000, 5.42428,-0.00000,505.29296, 4.43571, 0.00000,-0.00000, 0.01585,-0.00000,2120.62055,-2.46069, 0.01928, 0.00484, 4.54339, 4.56707, 0.01928,2120.62145,-2.46069, 0.00000, 0.00000,
12.20000,79.69863,-0.00000,14906.10773,-0.00000, 5.42603,-0.00000,505.23145, 4.43061, 0.00000,-0.00000, 0.01938,-0.00000,2120.62052,-2.46069, 0.01819, 0.00478, 4.49202, 4.52535, 0.01819,2120.62145,-2.46069, 0.00000, 0.00000,
12.30000,80.21870,-0.00000,14906.97925,-0.00000, 5.42817,-0.00000,505.16998, 4.42626, 0.00000,-0.00000, 0.02333,-0.00000,2120.62048,-2.46069, 0.01723, 0.00472, 4.44065, 4.48334, 0.01723,2120.62145,-2.46069, 0.00000, 0.00000,
12.40000,80.73262,-0.00000,14907.85628,-0.00000, 5.43071,-0.00000,505.10850, 4.42266, 0.00000,-0.00000, 0.02754,-0.00000,2120.62046,-2.46069, 0.01640, 0.00467, 4.38925, 4.44107, 0.01640,2120.62145,-2.46069, 0.00000, 0.00000,
12.50000,81.24040,-0.00000,14908.73855,-0.00000, 5.43368,-0.00000,505.04700, 4.41976, 0.00000,-0.00000, 0.03188,-0.00000,2120.62044,-2.46069, 0.01570, 0.00461, 4.33779, 4.39855, 0.01570,2120.62145,-2.46069, 0.00000, 0.00000,
12.60000,81.74202,-0.00000,14909.62583,-0.00000, 5.43708,-0.00000,504.98543, 4.41754, 0.00000,-0.00000, 0.03624,-0.00000,2120.62043,-2.46069, 0.01511, 0.00455, 4.28625, 4.35579, 0.01511,2120.62145,-2.46069, 0.00000, 0.00000,
12.70000,82.23748,-0.00000,14910.51794,-0.00000, 5.44092,-0.00000,504.92377, 4.41594, 0.00000,-0.00000, 0.04051,-0.00000,2120.62042,-2.46069, 0.01463, 0.00450, 4.23461, 4.31279, 0.01463,2120.62145,-2.46069, 0.00000, 0.00000,
12.80000,82.72677,-0.00000,14911.41471,-0.00000, 5.44518,-0.00000,504.86198, 4.41493, 0.00000,-0.00000, 0.04463,-0.00000,2120.62042,-2.46069, 0.01425, 0.00444, 4.18285, 4.26957, 0.01425,2120.62145,-2.46069, 0.00000, 0.00000,
12.90000,83.20987,-0.00000,14912.31604,-0.00000, 5.44984,-0.00000,504.80003, 4.41443, 0.00000,-0.00000, 0.04850,-0.00000,2120.62043,-2.46069, 0.01395, 0.00438, 4.13094, 4.22613, 0.01395,2120.62145,-2.46069, 0.00000, 0.00000,
13.00000,83.68677,-0.00000,14913.22181,-0.00000, 5.45487,-0.00000,504.73790, 4.41441, 0.00000,-0.00000, 0.05209,-0.00000,2120.62044,-2.46069, 0.01373, 0.00432, 4.07886, 4.18247, 0.01373,2120.62145,-2.46069, 0.00000, 0.00000,
13.10000,84.15745,-0.00000,14914.13197,-0.00000, 5.46025,-0.00000,504.67555, 4.41480, 0.00000,-0.00000, 0.05535,-0.00000,2120.62045,-2.46069, 0.01358, 0.00427, 4.02660, 4.13860, 0.01358,2120.62145,-2.46069, 0.00000, 0.00000,
13.20000,84.62188,-0.00000,14915.04645,-0.00000, 5.46593,-0.00000,504.61298, 4.41554, 0.00000,-0.00000, 0.05825,-0.00000,2120.62047,-2.46069, 0.01347, 0.00421, 3.97414, 4.09453, 0.01347,2120.62145,-2.46069, 0.00000, 0.00000,
13.30000,85.08003,-0.00000,14915.96524,-0.00000, 5.47188,-0.00000,504.55015, 4.41658, 0.00000,-0.00000, 0.06077,-0.00000,2120.62049,-2.46069, 0.01342, 0.00415, 3.92147, 4.05024, 0.01342,2120.62145,-2.46069, 0.00000, 0.00000,
13.40000,85.53190,-0.00000,14916.88831,-0.00000, 5.47807,-0.00000,504.48706, 4.41787, 0.00000,-0.00000, 0.06290,-0.00000,2120.62051,-2.46069, 0.01339, 0.00409, 3.86857, 4.00575, 0.01339,2120.62145,-2.46069, 0.00000, 0.00000,
13.50000,85.97744,-0.00000,14917.81565,-0.00000, 5.48445,-0.00000,504.42369, 4.41935, 0.00000,-0.00000, 0.06465,-0.00000,2120.62053,-2.46069, 0.01340, 0.00404, 3.81543, 3.96106, 0.01340,2120.62145,-2.46069, 0.00000, 0.00000,
13.60000,86.41662,-0.00000,14918.74726,-0.00000, 5.49099,-0.00000,504.36002, 4.42098, 0.00000,-0.00000, 0.06601,-0.00000,2120.62055,-2.46069, 0.01342, 0.00398, 3.76205, 3.91616, 0.01342,2120.62145,-2.46069, 0.00000, 0.00000,
13.70000,86.84943,-0.00000,14919.68316,-0.00000, 5.49764,-0.00000,504.29606, 4.42272, 0.00000,-0.00000, 0.06700,-0.00000,2120.62058,-2.46069, 0.01345, 0.00392, 3.70842, 3.87105, 0.01345,2120.62145,-2.46069, 0.00000, 0.00000,
13.80000,87.27583,-0.00000,14920.62335,-0.00000, 5.50438,-0.00000,504.23179, 4.42453, 0.00000,-0.00000, 0.06765,-0.00000,2120.62060,-2.46069, 0.01349, 0.00386, 3.65454, 3.82574, 0.01349,2120.62145,-2.46069, 0.00000, 0.00000,
13.90000,87.69578,-0.00000,14921.56785,-0.00000, 5.51116,-0.00000,504.16721, 4.42637, 0.00000,-0.00000, 0.06796,-0.00000,2120.62063,-2.46069, 0.01353, 0.00380, 3.60039, 3.78021, 0.01353,2120.62145,-2.46069, 0.00000, 0.00000,
14.00000,88.10926,-0.00000,14922.51666,-0.00000, 5.51796,-0.00000,504.10232, 4.42822, 0.00000,-0.00000, 0.06797,-0.00000,2120.62065,-2.46069, 0.01356, 0.00374, 3.54599, 3.73448, 0.01356,2120.62145,-2.46069, 0.00000, 0.00000,
14.10000,88.51623,-0.00000,14923.46981,-0.00000, 5.52475,-0.00000,504.03712, 4.43004, 0.00000,-0.00000, 0.06771,-0.00000,2120.62068,-2.46069, 0.01358, 0.00368, 3.49133, 3.68854, 0.01358,2120.62145,-2.46069, 0.00000, 0.00000,
14.20000,88.91667,-0.00000,14924.42729,-0.00000, 5.53149,-0.00000,503.97162, 4.43182, 0.00000,-0.00000, 0.06720,-0.00000,2120.62070,-2.46069, 0.01358, 0.00362, 3.43642, 3.64240, 0.01358,2120.62145,-2.46069, 0.00000, 0.00000,
14.30000,89.31055,-0.00000,14925.38910,-0.00000, 5.53818,-0.00000,503.90582, 4.43353, 0.00000,-0.00000, 0.06646,-0.00000,2120.62073,-2.46069, 0.01358, 0.00356, 3.38125, 3.59604, 0.01358,2120.62145,-2.46069, 0.00000, 0.00000,
14.40000,89.69783,-0.00000,14926.35526,-0.00000, 5.54478,-0.00000,503.83973, 4.43517, 0.00000,-0.00000, 0.06554,-0.00000,2120.62075,-2.46069, 0.01355, 0.00350, 3.32584, 3.54947, 0.01355,2120.62145,-2.46069, 0.00000, 0.00000,
14.50000,90.07848,-0.00000,14927.32574,-0.00000, 5.55128,-0.00000,503.77334, 4.43672, 0.00000,-0.00000, 0.06446,-0.00000,2120.62077,-2.46069, 0.01350, 0.00344, 3.27019, 3.50270, 0.01350,2120.62145,-2.46069, 0.00000, 0.00000,
14.60000,90.45249,-0.00000,14928.30053,-0.00000, 5.55767,-0.00000,503.70668, 4.43817, 0.00000,-0.00000, 0.06324,-0.00000,2120.62079,-2.46069, 0.01344, 0.00338, 3.21429, 3.45572, 0.01344,2120.62145,-2.46069, 0.00000, 0.00000,
14.70000,90.81981,-0.00000,14929.27962,-0.00000, 5.56392,-0.00000,503.63974, 4.43952, 0.00000,-0.00000, 0.06192,-0.00000,2120.62081,-2.46069, 0.01335, 0.00331, 3.15817, 3.40853, 0.01335,2120.62145,-2.46069, 0.00000, 0.00000,
14.80000,91.18042,-0.00000,14930.26298,-0.00000, 5.57005,-0.00000,503.57254, 4.44077, 0.00000,-0.00000, 0.06051,-0.00000,2120.62083,-2.46069, 0.01324, 0.00325, 3.10183, 3.36113, 0.01324,2120.62145,-2.46069, 0.00000, 0.00000,
14.90000,91.53431,-0.00000,14931.25056,-0.00000, 5.57602,-0.00000,503.50510, 4.44192, 0.00000,-0.00000, 0.05904,-0.00000,2120.62085,-2.46069, 0.01312, 0.00319, 3.04528, 3.31353, 0.01312,2120.62145,-2.46069, 0.00000, 0.00000,
15.00000,91.88144,-0.00000,14932.24234,-0.00000, 5.58185,-0.00000,503.43741, 4.44297, 0.00000,-0.00000, 0.05752,-0.00000,2120.62086,-2.46069, 0.01297, 0.00313, 2.98851, 3.26573, 0.01297,2120.62145,-2.46069, 0.00000, 0.00000,
15.10000,92.22178,-0.00000,14933.23827,-0.00000, 5.58753,-0.00000,503.36948, 4.44393, 0.00000,-0.00000, 0.05599,-0.00000,2120.62088,-2.46069, 0.01281, 0.00307, 2.93155, 3.21773, 0.01281,2120.62145,-2.46069, 0.00000, 0.00000,
15.20000,92.55532,-0.00000,14934.23828,-0.00000, 5.59305,-0.00000,503.30134, 4.44479, 0.00000,-0.00000, 0.05445,-0.00000,2120.62090,-2.46069, 0.01263, 0.00300, 2.87440, 3.16953, 0.01263,2120.62145,-2.46069, 0.00000, 0.00000,
15.30000,92.88204,-0.00000,14935.24234,-0.00000, 5.59842,-0.00000,503.23298, 4.44557, 0.00000,-0.00000, 0.05291,-0.00000,2120.62091,-2.46069, 0.01243, 0.00294, 2.81706, 3.12114, 0.01243,2120.62145,-2.46069, 0.00000, 0.00000,
15.40000,93.20191,-0.00000,14936.25036,-0.00000, 5.60363,-0.00000,503.16442, 4.44627, 0.00000,-0.00000, 0.05140,-0.00000,2120.62092,-2.46069, 0.01222, 0.00288, 2.75955, 3.07256, 0.01222,2120.62145,-2.46069, 0.00000, 0.00000,
15.50000,93.51492,-0.00000,14937.26230,-0.00000, 5.60870,-0.00000,503.09568, 4.44690, 0.00000,-0.00000, 0.04991,-0.00000,2120.62094,-2.46069, 0.01200, 0.00281, 2.70187, 3.02378, 0.01200,2120.62145,-2.46069, 0.00000, 0.00000,
15.60000,93.82104,-0.00000,14938.27807,-0.00000, 5.61362,-0.00000,503.02674, 4.44746, 0.00000,-0.00000, 0.04845,-0.00000,2120.62095,-2.46069, 0.01176, 0.00275, 2.64403, 2.97483, 0.01176,2120.62145,-2.46069, 0.00000, 0.00000,
15.70000,94.12026,-0.00000,14939.29760,-0.00000, 5.61839,-0.00000,502.95764, 4.44797, 0.00000,-0.00000, 0.04704,-0.00000,2120.62096,-2.46069, 0.01152, 0.00269, 2.58604, 2.92569, 0.01152,2120.62145,-2.46069, 0.00000, 0.00000,
15.80000,94.41257,-0.00000,14940.32081,-0.00000, 5.62303,-0.00000,502.88837, 4.44843, 0.00000,-0.00000, 0.04568,-0.00000,2120.62097,-2.46069, 0.01127, 0.00262, 2.52790, 2.87637, 0.01127,2120.62145,-2.46069, 0.00000, 0.00000,
15.90000,94.69793,-0.00000,14941.34762,-0.00000, 5.62753,-0.00000,502.81894, 4.44885, 0.00000,-0.00000, 0.04436,-0.00000,2120.62098,-2.46069, 0.01101, 0.00256, 2.46962, 2.82688, 0.01101,2120.62145,-2.46069, 0.00000, 0.00000,
16.00000,94.97635,-0.00000,14942.37795,-0.00000, 5.63190,-0.00000,502.74937, 4.44924, 0.00000,-0.00000, 0.04310,-0.00000,2120.62099,-2.46069, 0.01074, 0.00250, 2.41121, 2.77722, 0.01074,2120.62145,-2.46069, 0.00000, 0.00000,
16.10000,95.24780,-0.00000,14943.41172,-0.00000, 5.63615,-0.00000,502.67965, 4.44960, 0.00000,-0.00000, 0.04188,-0.00000,2120.62100,-2.46069, 0.01047, 0.00243, 2.35268, 2.72740, 0.01047,2120.62145,-2.46069, 0.00000, 0.00000,
16.20000,95.51228,-0.00000,14944.44883,-0.00000, 5.64028,-0.00000,502.60981, 4.44995, 0.00000,-0.00000, 0.04071,-0.00000,2120.62102,-2.46069, 0.01020, 0.00237, 2.29402, 2.67741, 0.01020,2120.62145,-2.46069, 0.00000, 0.00000,
16.30000,95.76976,-0.00000,14945.48921,-0.00000, 5.64429,-0.00000,502.53983, 4.45028, 0.00000,-0.00000, 0.03960,-0.00000,2120.62103,-2.46069, 0.00993, 0.00230, 2.23525, 2.62727, 0.00993,2120.62145,-2.46069, 0.00000, 0.00000,
16.40000,96.02024,-0.00000,14946.53276,-0.00000, 5.64820,-0.00000,502.46974, 4.45060, 0.00000,-0.00000, 0.03852,-0.00000,2120.62104,-2.46069, 0.00965, 0.00224, 2.17637, 2.57697, 0.00965,2120.62145,-2.46069, 0.00000, 0.00000,
16.50000,96.26370,-0.00000,14947.57939,-0.00000, 5.65200,-0.00000,502.39953, 4.45091, 0.00000,-0.00000, 0.03749,-0.00000,2120.62105,-2.46069, 0.00937, 0.00217, 2.11739, 2.52653, 0.00937,2120.62145,-2.46069, 0.00000, 0.00000,
16.60000,96.50014,-0.00000,14948.62902,-0.00000, 5.65570,-0.00000,502.32921, 4.45123,-0.00000,-0.00000, 0.03650,-0.00000,2120.62106,-2.46069, 0.00910, 0.00211, 2.05830, 2.47594, 0.00910,2120.62145,-2.46069, 0.00000, 0.00000,
16.70000,96.72954,-0.00000,14949.68156,-0.00000, 5.65930,-0.00000,502.25879, 4.45155,-0.00000,-0.00000, 0.03555,-0.00000,2120.62107,-2.46069, 0.00882, 0.00205, 1.99912, 2.42521, 0.00882,2120.62145,-2.46069, 0.00000, 0.00000,
16.80000,96.95190,-0.00000,14950.73692,-0.00000, 5.66281,-0.00000,502.18828, 4.45187,-0.00000,-0.00000, 0.03462,-0.00000,2120.62108,-2.46069, 0.00855, 0.00198, 1.93986, 2.37434, 0.00855,2120.62145,-2.46069, 0.00000, 0.00000,
16.90000,97.16719,-0.00000,14951.79501,-0.00000, 5.66623,-0.00000,502.11767, 4.45221,-0.00000,-0.00000, 0.03373,-0.00000,2120.62109,-2.46069, 0.00827, 0.00192, 1.88051, 2.32335, 0.00827,2120.62145,-2.46069, 0.00000, 0.00000,
17.00000,97.37543,-0.00000,14952.85575,-0.00000, 5.66956,-0.00000,502.04698, 4.45256,-0.00000,-0.00000, 0.03286,-0.00000,2120.62110,-2.46069, 0.00800, 0.00185, 1.82107, 2.27222, 0.00800,2120.62145,-2.46069, 0.00000, 0.00000,
17.10000,97.57659,-0.00000,14953.91905,-0.00000, 5.67280,-0.00000,501.97620, 4.45292,-0.00000,-0.00000, 0.03201,-0.00000,2120.62111,-2.46069, 0.00774, 0.00179, 1.76156, 2.22098, 0.00774,2120.62145,-2.46069, 0.00000, 0.00000,
17.20000,97.77067,-0.00000,14954.98481,-0.00000, 5.67596,-0.00000,501.90535, 4.45329,-0.00000,-0.00000, 0.03117,-0.00000,2120.62112,-2.46069, 0.00747, 0.00172, 1.70198, 2.16961, 0.00747,2120.62145,-2.46069, 0.00000, 0.00000,
17.30000,97.95766,-0.00000,14956.05297,-0.00000, 5.67903,-0.00000,501.83443, 4.45368,-0.00000,-0.00000, 0.03035,-0.00000,2120.62113,-2.46069, 0.00720, 0.00166, 1.64233, 2.11813, 0.00720,2120.62145,-2.46069, 0.00000, 0.00000,
17.40000,98.13755,-0.00000,14957.12343,-0.00000, 5.68203,-0.00000,501.76343, 4.45408,-0.00000,-0.00000, 0.02954,-0.00000,2120.62114,-2.46069, 0.00694, 0.00159, 1.58261, 2.06653, 0.00694,2120.62145,-2.46069, 0.00000, 0.00000,
17.50000,98.31034,-0.00000,14958.19611,-0.00000, 5.68494,-0.00000,501.69238, 4.45450,-0.00000,-0.00000, 0.02873,-0.00000,2120.62116,-2.46069, 0.00668, 0.00152, 1.52283, 2.01483, 0.00668,2120.62145,-2.46069, 0.00000, 0.00000,
17.60000,98.47602,-0.00000,14959.27092,-0.00000, 5.68777,-0.00000,501.62126, 4.45493,-0.00000,-0.00000, 0.02793,-0.00000,2120.62117,-2.46069, 0.00643, 0.00146, 1.46299, 1.96303, 0.00643,2120.62145,-2.46069, 0.00000, 0.00000,
17.70000,98.63459,-0.00000,14960.34779,-0.00000, 5.69053,-0.00000,501.55009, 4.45538,-0.00000,-0.00000, 0.02713,-0.00000,2120.62118,-2.46069, 0.00617, 0.00139, 1.40311, 1.91113, 0.00617,2120.62145,-2.46069, 0.00000, 0.00000,
17.80000,98.78604,-0.00000,14961.42664,-0.00000, 5.69320,-0.00000,501.47887, 4.45584,-0.00000,-0.00000, 0.02633,-0.00000,2120.62119,-2.46069, 0.00592, 0.00133, 1.34317, 1.85913, 0.00592,2120.62145,-2.46069, 0.00000, 0.00000,
17.90000,98.93036,-0.00000,14962.50737,-0.00000, 5.69579,-0.00000,501.40760, 4.45631,-0.00000,-0.00000, 0.02553,-0.00000,2120.62120,-2.46069, 0.00567, 0.00126, 1.28318, 1.80704, 0.00567,2120.62145,-2.46069, 0.00000, 0.00000,
18.00000,99.06756,-0.00000,14963.58992,-0.00000, 5.69831,-0.00000,501.33630, 4.45679,-0.00000,-0.00000, 0.02472,-0.00000,2120.62122,-2.46069, 0.00542, 0.00120, 1.22316, 1.75487, 0.00542,2120.62145,-2.46069, 0.00000, 0.00000,
18.10000,99.19762,-0.00000,14964.67420,-0.00000, 5.70074,-0.00000,501.26495, 4.45728,-0.00000,-0.00000, 0.02391,-0.00000,2120.62123,-2.46069, 0.00517, 0.00113, 1.16309, 1.70261, 0.00517,2120.62145,-2.46069, 0.00000, 0.00000,
18.20000,99.32055,-0.00000,14965.76013,-0.00000, 5.70309,-0.00000,501.19358, 4.45778,-0.00000,-0.00000, 0.02309,-0.00000,2120.62124,-2.46069, 0.00492, 0.00107, 1.10299, 1.65027, 0.00492,2120.62145,-2.46069, 0.00000, 0.00000,
18.30000,99.43634,-0.00000,14966.84764,-0.00000, 5.70536,-0.00000,501.12217, 4.45829,-0.00000,-0.00000, 0.02227,-0.00000,2120.62125,-2.46069, 0.00468, 0.00100, 1.04286, 1.59785, 0.00468,2120.62145,-2.46069, 0.00000, 0.00000,
18.40000,99.54498,-0.00000,14967.93664,-0.00000, 5.70754,-0.00000,501.05074, 4.45881,-0.00000,-0.00000, 0.02143,-0.00000,2120.62127,-2.46069, 0.00443, 0.00094, 0.98270, 1.54537, 0.00443,2120.62145,-2.46069, 0.00000, 0.00000,
18.50000,99.64648,-0.00000,14969.02706,-0.00000, 5.70964,-0.00000,500.97930, 4.45933,-0.00000,-0.00000, 0.02059,-0.00000,2120.62128,-2.46069, 0.00419, 0.00087, 0.92253, 1.49281, 0.00419,2120.62145,-2.46069, 0.00000, 0.00000,
18.60000,99.74084,-0.00000,14970.11882,-0.00000, 5.71166,-0.00000,500.90783, 4.45986,-0.00000, 0.00000, 0.01974,-0.00000,2120.62129,-2.46069, 0.00395, 0.00080, 0.86233, 1.44019, 0.00395,2120.62145,-2.46069, 0.00000, 0.00000,
18.70000,99.82805,-0.00000,14971.21184,-0.00000, 5.71359,-0.00000,500.83636, 4.46039,-0.00000, 0.00000, 0.01889,-0.00000,2120.62130,-2.46069, 0.00370, 0.00074, 0.80212, 1.38751, 0.00370,2120.62145,-2.46069, 0.00000, 0.00000,
18.80000,99.90811,-0.00000,14972.30604,-0.00000, 5.71544,-0.00000,500.76489, 4.46092,-0.00000, 0.00000, 0.01802,-0.00000,2120.62132,-2.46069, 0.00346, 0.00067, 0.74189, 1.33477, 0.00346,2120.62145,-2.46069, 0.00000, 0.00000,
18.90000,99.98103,-0.00000,14973.40135,-0.00000, 5.71720,-0.00000,500.69342, 4.46146,-0.00000, 0.00000, 0.01715,-0.00000,2120.62133,-2.46069, 0.00322, 0.00061, 0.68166, 1.28198, 0.00322,2120.62145,-2.46069, 0.00000, 0.00000,
19.00000,100.04680,-0.00000,14974.49769,-0.00000, 5.71887,-0.00000,500.62195, 4.46199,-0.00000, 0.00000, 0.01627,-0.00000,2120.62134,-2.46069, 0.00298, 0.00054, 0.62143, 1.22914, 0.00298,2120.62145,-2.46069, 0.00000, 0.00000,
19.10000,100.10542,-0.00000,14975.59498,-0.00000, 5.72045,-0.00000,500.55049, 4.46253,-0.00000, 0.00000, 0.01539,-0.00000,2120.62136,-2.46069, 0.00273, 0.00048, 0.56120, 1.17625, 0.00273,2120.62145,-2.46069, 0.00000, 0.00000,
19.20000,100.15689,-0.00000,14976.69315,-0.00000, 5.72194,-0.00000,500.47905, 4.46307,-0.00000, 0.00000, 0.01450,-0.00000,2120.62137,-2.46069, 0.00249, 0.00041, 0.50098, 1.12333, 0.00249,2120.62145,-2.46069, 0.00000, 0.00000,
19.30000,100.20123,-0.00000,14977.79211,-0.00000, 5.72335,-0.00000,500.40762, 4.46360,-0.00000, 0.00000, 0.01360,-0.00000,2120.62138,-2.46069, 0.00225, 0.00034, 0.44077, 1.07036, 0.00225,2120.62145,-2.46069, 0.00000, 0.00000,
19.40000,100.23842,-0.00000,14978.89180,-0.00000, 5.72466,-0.00000,500.33623, 4.46414,-0.00000, 0.00000, 0.01270,-0.00000,2120.62139,-2.46069, 0.00200, 0.00028, 0.38057, 1.01736, 0.00200,2120.62145,-2.46069, 0.00000, 0.00000,
19.50000,100.26847,-0.00000,14979.99212,-0.00000, 5.72589,-0.00000,500.26486, 4.46467,-0.00000, 0.00000, 0.01179,-0.00000,2120.62141,-2.46069, 0.00176, 0.00021, 0.32039, 0.96432, 0.00176,2120.62145,-2.46069, 0.00000, 0.00000,
19.60000,100.29139,-0.00000,14981.09301,-0.00000, 5.72702,-0.00000,500.19353, 4.46520,-0.00000, 0.00000, 0.01088,-0.00000,2120.62142,-2.46069, 0.00152, 0.00015, 0.26023, 0.91126, 0.00152,2120.62145,-2.46069, 0.00000, 0.00000,
19.70000,100.30718,-0.00000,14982.19438,-0.00000, 5.72806,-0.00000,500.12224, 4.46573,-0.00000, 0.00000, 0.00997,-0.00000,2120.62143,-2.46069, 0.00127, 0.00008, 0.20011, 0.85818, 0.00127,2120.62145,-2.46069, 0.00000, 0.00000,
19.80000,100.31584,-0.00000,14983.29616,-0.00000, 5.72902,-0.00000,500.05099, 4.46626,-0.00000, 0.00000, 0.00905,-0.00000,2120.62144,-2.46069, 0.00103, 0.00002, 0.14001, 0.80508, 0.00103,2120.62145,-2.46069, 0.00000, 0.00000,
19.90000,100.31738,-0.00000,14984.39828,-0.00000, 5.72987,-0.00000,499.97980, 4.46679,-0.00000, 0.00000, 0.00814,-0.00000,2120.62146,-2.46069, 0.00079,-0.00005, 0.07995, 0.75196, 0.00079,2120.62145,-2.46069, 0.00000, 0.00000,
20.00000,100.31181,-0.00000,14985.50064,-0.00000, 5.73064,-0.00000,499.90866, 4.46731,-0.00000, 0.00000, 0.00722,-0.00000,2120.62147,-2.46069, 0.00054,-0.00011, 0.01993, 0.69883, 0.00054,2120.62145,-2.46069, 0.00000, 0.00000,
