
time,npos,epos,alt,phi,theta,psi,vel,alpha,beta,p,q,r,nx,ny,nz,mach,qbar,ps,thrust,ele,ail,rud

 0.00000, 0.00000, 0.00000,15000.00000, 0.00000, 4.46549, 0.00000,500.00000, 4.46549, 0.00000, 0.00000, 0.00000, 0.00000,2120.62145,-2.46069, 0.00000, 0.00000, 0.00000, 0.00000, 0.00000,2120.62145,-2.46069, 0.00000, 0.00000,
 0.10000, 0.00000, 0.00000,15000.00000, 0.00000, 4.46549, 0.00000,500.00000, 4.46549, 0.00000, 0.00000, 0.00000, 0.00000,2120.62145,-2.46069, 0.00000, 0.00000, 0.00000, 0.00000, 0.00000,2120.62145,-2.46069, 0.00000, 0.00000,
 0.20000, 0.00000, 0.00000,15000.00000, 0.00000, 4.46549, 0.00000,500.00000, 4.46549, 0.00000, 0.00000, 0.00000, 0.00000,2120.62145,-2.46069, 0.00000, 0.00000, 0.00000, 0.00000, 0.00000,2120.62145,-2.46069, 0.00000, 0.00000,
 0.30000, 0.00000, 0.00000,15000.00000, 0.00000, 4.46549, 0.00000,500.00000, 4.46549, 0.00000, 0.00000, 0.00000, 0.00000,2120.62145,-2.46069, 0.00000, 0.00000, 0.00000, 0.00000, 0.00000,2120.62145,-2.46069, 0.00000, 0.00000,
 0.40000, 0.00000, 0.00000,15000.00000, 0.00000, 4.46549, 0.00000,500.00000, 4.46549, 0.00000, 0.00000, 0.00000, 0.00000,2120.62145,-2.46069, 0.00000, 0.00000, 0.00000, 0.00000, 0.00000,2120.62145,-2.46069, 0.00000, 0.00000,
 0.50000, 0.00000, 0.00000,15000.00000, 0.00000, 4.46549, 0.00000,500.00000, 4.46549, 0.00000, 0.00000, 0.00000, 0.00000,2120.62145,-2.46069, 0.00000, 0.00000, 0.00000, 0.00000, 0.00000,2120.62145,-2.46069, 0.00000, 0.00000,
 0.60000, 0.00000, 0.00000,15000.00000, 0.00000, 4.46549, 0.00000,500.00000, 4.46549, 0.00000, 0.00000, 0.00000, 0.00000,2120.62145,-2.46069, 0.00000, 0.00000, 0.00000, 0.00000, 0.00000,2120.62145,-2.46069, 0.00000, 0.00000,
 0.70000, 0.00000, 0.00000,15000.00000, 0.00000, 4.46549, 0.00000,500.00000, 4.46549, 0.00000, 0.00000, 0.00000, 0.00000,2120.62145,-2.46069, 0.00000, 0.00000, 0.00000, 0.00000, 0.00000,2120.62145,-2.46069, 0.00000, 0.00000,
 0.80000, 0.00000, 0.00000,15000.00000, 0.00000, 4.46549, 0.00000,500.00000, 4.46549, 0.00000, 0.00000, 0.00000, 0.00000,2120.62145,-2.46069, 0.00000, 0.00000, 0.00000, 0.00000, 0.00000,2120.62145,-2.46069, 0.00000, 0.00000,
 0.90000, 0.00000, 0.00000,15000.00000, 0.00000, 4.46549, 0.00000,500.00000, 4.46549, 0.00000, 0.00000, 0.00000, 0.00000,2120.62145,-2.46069, 0.00000, 0.00000, 0.00000, 0.00000, 0.00000,2120.62145,-2.46069, 0.00000, 0.00000,
 1.00000, 0.00000, 0.00000,15000.00000, 0.00000, 4.46549, 0.00000,500.00000, 4.46549, 0.00000, 0.00000, 0.00000, 0.00000,2120.62150,-2.46069, 0.00028, 0.00000, 0.00000, 0.00000,-0.00123,2120.62145, 2.53931, 0.00000, 0.00000,
 1.10000, 0.00088, 0.00000,15000.00604, 0.00000, 4.39618,-0.00000,500.02398, 4.37991, 0.00000, 0.00000,-1.79670,-0.00000,2120.63650,-2.46069, 0.04538, 0.00002, 0.01793,-0.00029,-0.41782,2120.62145, 2.53931, 0.00000, 0.00000,
 1.20000, 0.00580, 0.00000,15000.02381, 0.00000, 4.07913,-0.00000,500.07979, 4.06025, 0.00000, 0.00000,-4.55378,-0.00000,2120.63386,-2.46069,-0.04435, 0.00008, 0.05964,-0.00115,-0.52171,2120.62145, 2.53931, 0.00000, 0.00000,
 1.30000, 0.01811, 0.00000,15000.02645, 0.00000, 3.49097,-0.00000,500.17406, 3.51225, 0.00000, 0.00000,-7.16453,-0.00000,2120.62718,-2.46069,-0.18139, 0.00016, 0.13026,-0.00127,-0.61235,2120.62145, 2.53931, 0.00000, 0.00000,
 1.40000, 0.04240, 0.00000,14999.97028, 0.00000, 2.65622,-0.00000,500.32191, 2.77392, 0.00000, 0.00000,-9.47841,-0.00000,2120.61861,-2.46069,-0.34758, 0.00030, 0.24138, 0.00143,-0.72398,2120.62145, 2.53931, 0.00000, 0.00000,
 1.50000, 0.08476, 0.00000,14999.80199, 0.00000, 1.60580,-0.00000,500.53757, 1.88530, 0.00000, 0.00000,-11.47748,-0.00000,2120.60877,-2.46069,-0.53441, 0.00051, 0.40400, 0.00954,-0.85597,2120.62145, 2.53931, 0.00000, 0.00000,
 1.60000, 0.15258, 0.00000,14999.46158, 0.00000, 0.37107,-0.00000,500.83317, 0.88408, 0.00000, 0.00000,-13.16627,-0.00000,2120.59805,-2.46069,-0.73522, 0.00079, 0.62755, 0.02595,-1.00349,2120.62145, 2.53931, 0.00000, 0.00000,
 1.70000, 0.25439, 0.00000,14998.88455, 0.00000,-1.01749,-0.00000,501.21864,-0.19517, 0.00000, 0.00000,-14.55635,-0.00000,2120.58678,-2.46069,-0.94415, 0.00115, 0.91989, 0.05376,-1.16157,2120.62145, 2.53931, 0.00000, 0.00000,
 1.80000, 0.39957, 0.00000,14998.00372, 0.00000,-2.53077,-0.00000,501.70185,-1.32132, 0.00000, 0.00000,-15.66353,-0.00000,2120.57523,-2.46069,-1.15604, 0.00161, 1.28733, 0.09622,-1.32565,2120.62145, 2.53931, 0.00000, 0.00000,
 1.90000, 0.59822, 0.00000,14996.75095, 0.00000,-4.14139,-0.00000,502.28876,-2.46677, 0.00000, 0.00000,-16.50671,-0.00000,2120.56367,-2.46069,-1.36640, 0.00216, 1.73471, 0.15660,-1.49173,2120.62145, 2.53931, 0.00000, 0.00000,
 2.00000, 0.86092, 0.00000,14995.05860, 0.00000,-5.82401,-0.00000,502.98350,-3.60743, 0.00000, 0.00000,-17.10710,-0.00000,2120.55230,-2.46069,-1.57138, 0.00282, 2.26559, 0.23816,-1.65629,2120.62145, 2.53931, 0.00000, 0.00000,
 2.10000, 1.19860, 0.00000,14992.86070, 0.00000,-7.55548,-0.00000,503.78864,-4.72276, 0.00000, 0.00000,-17.48744, 0.00000,2120.54131,-2.46069,-1.76781, 0.00357, 2.88225, 0.34409,-1.81636,2120.62145, 2.53931, 0.00000, 0.00000,
 2.20000, 1.62237, 0.00000,14990.09404, 0.00000,-9.31495,-0.00000,504.70530,-5.79556, 0.00000, 0.00000,-17.67140, 0.00000,2120.53085,-2.46069,-1.95309, 0.00444, 3.58594, 0.47744,-1.96946,2120.62145, 2.53931, 0.00000, 0.00000,
 2.30000, 2.14337, 0.00000,14986.69899, 0.00000,-11.08401, 0.00000,505.73334,-6.81192, 0.00000, 0.00000,-17.68301, 0.00000,2120.52102,-2.46069,-2.12522, 0.00540, 4.37692, 0.64107,-2.11360,2120.62145, 2.53931, 0.00000, 0.00000,
 2.40000, 2.77271, 0.00000,14982.62013, 0.00000,-12.84661, 0.00000,506.87156,-7.76093, 0.00000, 0.00000,-17.54610, 0.00000,2120.51193,-2.46069,-2.28271, 0.00647, 5.25462, 0.83766,-2.24722,2120.62145, 2.53931, 0.00000, 0.00000,
 2.50000, 3.52129, 0.00000,14977.80673, 0.00000,-14.58906, 0.00000,508.11784,-8.63450, 0.00000, 0.00000,-17.28392, 0.00000,2120.50362,-2.46069,-2.42456, 0.00764, 6.21777, 1.06965,-2.36918,2120.62145, 2.53931, 0.00000, 0.00000,
 2.60000, 4.39978, 0.00000,14972.21310, 0.00000,-16.29996, 0.00000,509.46934,-9.42713, 0.00000, 0.00000,-16.91879, 0.00000,2120.49615,-2.46069,-2.55020, 0.00891, 7.26450, 1.33925,-2.47874,2120.62145, 2.53931, 0.00000, 0.00000,
 2.70000, 5.41855, 0.00000,14965.79876, 0.00000,-17.97009, 0.00000,510.92261,-10.13562, 0.00000, 0.00000,-16.47180, 0.00000,2120.48953,-2.46069,-2.65944, 0.01028, 8.39250, 1.64841,-2.57545,2120.62145, 2.53931, 0.00000, 0.00000,
 2.80000, 6.58757, 0.00000,14958.52851, 0.00000,-19.59225, 0.00000,512.47378,-10.75880, 0.00000, 0.00000,-15.96258, 0.00000,2120.48375,-2.46069,-2.75243, 0.01173, 9.59906, 1.99881,-2.65920,2120.62145, 2.53931, 0.00000, 0.00000,
 2.90000, 7.91643, 0.00000,14950.37235, 0.00000,-21.16113, 0.00000,514.11867,-11.29729, 0.00000, 0.00000,-15.40914, 0.00000,2120.47880,-2.46069,-2.82960, 0.01328,10.88124, 2.39192,-2.73012,2120.62145, 2.53931, 0.00000, 0.00000,
 3.00000, 9.41428, 0.00000,14941.30539, 0.00000,-22.67315, 0.00000,515.85288,-11.75323, 0.00000, 0.00000,-14.82776, 0.00000,2120.47454,-2.46069,-2.89215, 0.01490,12.23591, 2.82892,-2.78611,2120.62145,-7.46069, 0.00000, 0.00000,
 3.10000,11.08808, 0.00000,14931.29554, 0.00000,-23.98762, 0.00000,517.62403,-11.95885, 0.00000, 0.00000,-10.63956, 0.00000,2120.44114,-2.46069,-3.03004, 0.01656,13.62399, 3.31137,-1.99943,2120.62145,-7.46069, 0.00000, 0.00000,
 3.20000,12.93975, 0.00000,14920.31600, 0.00000,-24.74700, 0.00000,519.41191,-11.62156, 0.00000, 0.00000,-4.52984, 0.00000,2120.44373,-2.46069,-2.88496, 0.01823,15.03052, 3.84055,-1.82690,2120.62145,-7.46069, 0.00000, 0.00000,
 3.30000,14.97045, 0.00000,14908.40939, 0.00000,-24.90502, 0.00000,521.19894,-10.75803, 0.00000, 0.00000, 1.27706, 0.00000,2120.45505,-2.46069,-2.63302, 0.01990,16.44207, 4.41442,-1.67038,2120.62145,-7.46069, 0.00000, 0.00000,
 3.40000,17.17836, 0.00000,14895.65587, 0.00000,-24.51221, 0.00000,522.95065,-9.45007, 0.00000, 0.00000, 6.47092, 0.00000,2120.47073,-2.46069,-2.31176, 0.02154,17.83231, 5.02910,-1.46230,2120.62145,-7.46069, 0.00000, 0.00000,
 3.50000,19.55831, 0.00000,14882.15842, 0.00000,-23.63276, 0.00000,524.63457,-7.78393, 0.00000, 0.00000,11.00838, 0.00000,2120.48947,-2.46069,-1.93938, 0.02310,19.17629, 5.67964,-1.20482,2120.62145,-7.46069, 0.00000, 0.00000,
 3.60000,22.10208, 0.00000,14868.03657, 0.00000,-22.33232, 0.00000,526.22271,-5.84140, 0.00000, 0.00000,14.89260, 0.00000,2120.51043,-2.46069,-1.53042, 0.02458,20.45231, 6.36027,-0.90858,2120.62145,-7.46069, 0.00000, 0.00000,
 3.70000,24.79888, 0.00000,14853.42166, 0.00000,-20.67540, 0.00000,527.69170,-3.69804, 0.00000, 0.00000,18.14227, 0.00000,2120.53290,-2.46069,-1.09782, 0.02595,21.64206, 7.06467,-0.58448,2120.62145,-7.46069, 0.00000, 0.00000,
 3.80000,27.63581, 0.00000,14838.45271, 0.00000,-18.72408, 0.00000,529.02262,-1.42252, 0.00000, 0.00000,20.78589, 0.00000,2120.55625,-2.46069,-0.65307, 0.02718,22.73052, 7.78613,-0.24256,2120.62145,-7.46069, 0.00000, 0.00000,
 3.90000,30.59830, 0.00000,14823.27271, 0.00000,-16.53723, 0.00000,530.20075, 0.92372, 0.00000, 0.00000,22.85938, 0.00000,2120.57990,-2.46069,-0.20629, 0.02827,23.70577, 8.51777, 0.10820,2120.62145,-7.46069, 0.00000, 0.00000,
 4.00000,33.67050, 0.00000,14808.02531, 0.00000,-14.16983, 0.00000,531.21522, 3.28660, 0.00000, 0.00000,24.40432, 0.00000,2120.60338,-2.46069, 0.23381, 0.02920,24.55882, 9.25265, 0.45994,2120.62145,-7.46069, 0.00000, 0.00000,
 4.10000,36.83565, 0.00000,14792.85208, 0.00000,-11.67247, 0.00000,532.05872, 5.61937, 0.00000, 0.00000,25.46634, 0.00000,2120.62627,-2.46069, 0.65987, 0.02997,25.28331, 9.98396, 0.80586,2120.62145,-7.46069, 0.00000, 0.00000,
 4.20000,40.07641, 0.00000,14777.89009, 0.00000,-9.09105, 0.00000,532.72709, 7.88249, 0.00000,-0.00000,26.09370, 0.00000,2120.64822,-2.46069, 1.06581, 0.03057,25.87529,10.70509, 1.14025,2120.62145,-7.46069, 0.00000, 0.00000,
 4.30000,43.37518, 0.00000,14763.26998, 0.00000,-6.46656, 0.00000,533.21899,10.04329, 0.00000,-0.00000,26.33600, 0.00000,2120.66896,-2.46069, 1.44682, 0.03101,26.33296,11.40974, 1.45841,2120.62145,-7.46069, 0.00000, 0.00000,
 4.40000,46.71435, 0.00000,14749.11437, 0.00000,-3.83502, 0.00000,533.53551,12.07570, 0.00000,-0.00000,26.24306, 0.00000,2120.68826,-2.46069, 1.79920, 0.03128,26.65639,12.09200, 1.75660,2120.62145,-7.46069, 0.00000, 0.00000,
 4.50000,50.07654, 0.00000,14735.53671, 0.00000,-1.22749, 0.00000,533.67980,13.95972, 0.00000,-0.00000,25.86397, 0.00000,2120.70598,-2.46069, 2.12034, 0.03140,26.84725,12.74640, 2.03200,2120.62145,-7.46069, 0.00000, 0.00000,
 4.60000,53.44474, 0.00000,14722.64042, 0.00000, 1.32982, 0.00000,533.65675,15.68101, 0.00000,-0.00000,25.24624, 0.00000,2120.72200,-2.46069, 2.40856, 0.03135,26.90857,13.36797, 2.28259,2120.62145,-7.46069, 0.00000, 0.00000,
 4.70000,56.80252, 0.00000,14710.51831, 0.00000, 3.81532, 0.00000,533.47263,17.23029, 0.00000,-0.00000,24.43515, 0.00000,2120.73627,-2.46069, 2.66304, 0.03115,26.84449,13.95222, 2.50712,2120.62145,-7.46069, 0.00000, 0.00000,
 4.80000,60.13414, 0.00000,14699.25238, 0.00000, 6.21182, 0.00000,533.13477,18.60289, 0.00000,-0.00000,23.47319, 0.00000,2120.74876,-2.46069, 2.88371, 0.03081,26.66001,14.49521, 2.70499,2120.62145,-7.46069, 0.00000, 0.00000,
 4.90000,63.42462, 0.00000,14688.91373, 0.00000, 8.50624, 0.00000,532.65132,19.79808, 0.00000,-0.00000,22.39968, 0.00000,2120.75951,-2.46069, 3.07115, 0.03034,26.36078,14.99350, 2.87619,2120.62145,-7.46069, 0.00000, 0.00000,
 5.00000,66.65984, 0.00000,14679.56279, 0.00000,10.68924, 0.00000,532.03094,20.81862,-0.00000,-0.00000,21.25046, 0.00000,2120.76860,-2.46069, 3.22674, 0.02973,25.95292,15.44419, 3.01998,2120.62145,-2.46069, 0.00000, 0.00000,
 5.10000,69.82742, 0.00000,14671.25568, 0.00000,12.68558, 0.00000,531.30653,21.58458,-0.00000,-0.00000,18.26104,-0.00000,2120.79101,-2.46069, 3.39658, 0.02903,25.46077,15.84457, 2.72313,2120.62145,-2.46069, 0.00000, 0.00000,
 5.20000,72.91818, 0.00000,14664.03835, 0.00000,14.31393, 0.00000,530.49501,21.95550,-0.00000,-0.00000,14.29615,-0.00000,2120.79424,-2.46069, 3.40294, 0.02825,24.89670,16.19243, 2.71496,2120.62145,-2.46069, 0.00000, 0.00000,
 5.30000,75.92403, 0.00000,14657.91495, 0.00000,15.55068, 0.00000,529.61191,21.94706,-0.00000,-0.00000,10.48723,-0.00000,2120.79201,-2.46069, 3.33550, 0.02740,24.27233,16.48756, 2.69753,2120.62145,-2.46069, 0.00000, 0.00000,
 5.40000,78.83898, 0.00000,14652.86432, 0.00000,16.42239, 0.00000,528.68106,21.60865,-0.00000,-0.00000, 7.00579,-0.00000,2120.78660,-2.46069, 3.21479, 0.02651,23.60565,16.73098, 2.63835,2120.62145,-2.46069, 0.00000, 0.00000,
 5.50000,81.65940, 0.00000,14648.84787, 0.00000,16.96396, 0.00000,527.72499,20.99274,-0.00000,-0.00000, 3.88724,-0.00000,2120.77874,-2.46069, 3.05179, 0.02560,22.91377,16.92457, 2.53990,2120.62145,-2.46069, 0.00000, 0.00000,
 5.60000,84.38380, 0.00000,14645.81338, 0.00000,17.21226, 0.00000,526.76367,20.15009,-0.00000,-0.00000, 1.14110,-0.00000,2120.76896,-2.46069, 2.85570, 0.02468,22.21196,17.07082, 2.40899,2120.62145,-2.46069, 0.00000, 0.00000,
 5.70000,87.01254, 0.00000,14643.69792, 0.00000,17.20458, 0.00000,525.81432,19.12860,-0.00000,-0.00000,-1.23331,-0.00000,2120.75772,-2.46069, 2.63491, 0.02378,21.51353,17.17278, 2.25257,2120.62145,-2.46069, 0.00000, 0.00000,
 5.80000,89.54755, 0.00000,14642.43061, 0.00000,16.97774, 0.00000,524.89149,17.97282,-0.00000,-0.00000,-3.24383,-0.00000,2120.74544,-2.46069, 2.39705, 0.02290,20.82980,17.23386, 2.07719,2120.62145,-2.46069, 0.00000, 0.00000,
 5.90000,91.99212, 0.00000,14641.93501,-0.00000,16.56749, 0.00000,524.00715,16.72349, 0.00000,-0.00000,-4.90407,-0.00000,2120.73249,-2.46069, 2.14902, 0.02206,20.17020,17.25775, 1.88882,2120.62145,-2.46069, 0.00000, 0.00000,
 6.00000,94.35058, 0.00000,14642.13142,-0.00000,16.00799, 0.00000,523.17082,15.41738, 0.00000,-0.00000,-6.23232,-0.00000,2120.71922,-2.46069, 1.89692, 0.02127,19.54237,17.24828, 1.69283,2120.62145,-2.46069, 0.00000, 0.00000,
 6.10000,96.62813, 0.00000,14642.93877,-0.00000,15.33137, 0.00000,522.38975,14.08711, 0.00000,-0.00000,-7.25052,-0.00000,2120.70592,-2.46069, 1.64606, 0.02053,18.95221,17.20937, 1.49400,2120.62145,-2.46069, 0.00000, 0.00000,
 6.20000,98.83055, 0.00000,14644.27639,-0.00000,14.56740, 0.00000,521.66910,12.76115, 0.00000,-0.00000,-7.98337,-0.00000,2120.69284,-2.46069, 1.40098, 0.01985,18.40409,17.14490, 1.29645,2120.62145,-2.46069, 0.00000, 0.00000,
 6.30000,100.96407, 0.00000,14646.06543,-0.00000,13.74332, 0.00000,521.01214,11.46387, 0.00000,-0.00000,-8.45742,-0.00000,2120.68021,-2.46069, 1.16548, 0.01924,17.90094,17.05867, 1.10372,2120.62145,-2.46069, 0.00000, 0.00000,
 6.40000,103.03516, 0.00000,14648.23013,-0.00000,12.88362, 0.00000,520.42044,10.21565, 0.00000,-0.00000,-8.70037,-0.00000,2120.66819,-2.46069, 0.94263, 0.01868,17.44440,16.95434, 0.91876,2120.62145,-2.46069, 0.00000, 0.00000,
 6.50000,105.05034, 0.00000,14650.69877,-0.00000,12.01001, 0.00000,519.89411, 9.03307, 0.00000,-0.00000,-8.74033,-0.00000,2120.65692,-2.46069, 0.73482, 0.01819,17.03499,16.83536, 0.74393,2120.62145,-2.46069, 0.00000, 0.00000,
 6.60000,107.01612, 0.00000,14653.40445,-0.00000,11.14139, 0.00000,519.43198, 7.92912, 0.00000,-0.00000,-8.60528,-0.00000,2120.64652,-2.46069, 0.54385, 0.01775,16.67224,16.70495, 0.58109,2120.62145,-2.46069, 0.00000, 0.00000,
 6.70000,108.93880, 0.00000,14656.28569,-0.00000,10.29388, 0.00000,519.03182, 6.91347, 0.00000,-0.00000,-8.32251,-0.00000,2120.63705,-2.46069, 0.37091, 0.01738,16.35485,16.56608, 0.43161,2120.62145,-2.46069, 0.00000, 0.00000,
 6.80000,110.82445, 0.00000,14659.28680,-0.00000, 9.48093, 0.00000,518.69052, 5.99279, 0.00000,-0.00000,-7.91825,-0.00000,2120.62857,-2.46069, 0.21671, 0.01706,16.08083,16.42144, 0.29640,2120.62145,-2.46069, 0.00000, 0.00000,
 6.90000,112.67874, 0.00000,14662.35811,-0.00000, 8.71345, 0.00000,518.40427, 5.17099, 0.00000,-0.00000,-7.41732,-0.00000,2120.62108,-2.46069, 0.08149, 0.01680,15.84763,16.27341, 0.17599,2120.62145,-2.46069, 0.00000, 0.00000,
 7.00000,114.50699, 0.00000,14665.45606,-0.00000, 7.99992, 0.00000,518.16876, 4.44957, 0.00000,-0.00000,-6.84283,-0.00000,2120.61460,-2.46069,-0.03488, 0.01658,15.65229,16.12410, 0.07054,2120.62145,-2.46069, 0.00000, 0.00000,
 7.10000,116.31403, 0.00000,14668.54314,-0.00000, 7.34662, 0.00000,517.97928, 3.82794, 0.00000,-0.00000,-6.21602,-0.00000,2120.60911,-2.46069,-0.13290, 0.01641,15.49150,15.97531,-0.02008,2120.62145,-2.46069, 0.00000, 0.00000,
 7.20000,118.10422, 0.00000,14671.58775,-0.00000, 6.75782,-0.00000,517.83092, 3.30371, 0.00000,-0.00000,-5.55611,-0.00000,2120.60456,-2.46069,-0.21331, 0.01627,15.36178,15.82857,-0.09627,2120.62145,-2.46069, 0.00000, 0.00000,
 7.30000,119.88142, 0.00000,14674.56397,-0.00000, 6.23593,-0.00000,517.71866, 2.87298, 0.00000,-0.00000,-4.88023,-0.00000,2120.60091,-2.46069,-0.27710, 0.01617,15.25953,15.68512,-0.15865,2120.62145,-2.46069, 0.00000, 0.00000,
 7.40000,121.64899, 0.00000,14677.45120,-0.00000, 5.78180,-0.00000,517.63748, 2.53068, 0.00000,-0.00000,-4.20337,-0.00000,2120.59810,-2.46069,-0.32543, 0.01610,15.18111,15.54596,-0.20799,2120.62145,-2.46069, 0.00000, 0.00000,
 7.50000,123.40979, 0.00000,14680.23384,-0.00000, 5.39486,-0.00000,517.58246, 2.27074, 0.00000,-0.00000,-3.53845,-0.00000,2120.59607,-2.46069,-0.35957, 0.01605,15.12293,15.41185,-0.24522,2120.62145,-2.46069, 0.00000, 0.00000,
 7.60000,125.16619, 0.00000,14682.90085,-0.00000, 5.07335,-0.00000,517.54888, 2.08644, 0.00000,-0.00000,-2.89632,-0.00000,2120.59474,-2.46069,-0.38090, 0.01603,15.08151,15.28331,-0.27136,2120.62145,-2.46069, 0.00000, 0.00000,
 7.70000,126.92013, 0.00000,14685.44532,-0.00000, 4.81454,-0.00000,517.53224, 1.97056, 0.00000,-0.00000,-2.28586,-0.00000,2120.59404,-2.46069,-0.39084, 0.01601,15.05353,15.16067,-0.28749,2120.62145,-2.46069, 0.00000, 0.00000,
 7.80000,128.67306, 0.00000,14687.86400,-0.00000, 4.61488,-0.00000,517.52834, 1.91564, 0.00000,-0.00000,-1.71412,-0.00000,2120.59390,-2.46069,-0.39081, 0.01602,15.03587,15.04410,-0.29473,2120.62145,-2.46069, 0.00000, 0.00000,
 7.90000,130.42609, 0.00000,14690.15687,-0.00000, 4.47024,-0.00000,517.53331, 1.91410, 0.00000,-0.00000,-1.18640,-0.00000,2120.59424,-2.46069,-0.38223, 0.01602,15.02562,14.93359,-0.29420,2120.62145,-2.46069, 0.00000, 0.00000,
 8.00000,132.17990, 0.00000,14692.32665,-0.00000, 4.37601,-0.00000,517.54364, 1.95843, 0.00000,-0.00000,-0.70645,-0.00000,2120.59498,-2.46069,-0.36648, 0.01604,15.02014,14.82901,-0.28703,2120.62145,-2.46069, 0.00000, 0.00000,
 8.10000,133.93489, 0.00000,14694.37836,-0.00000, 4.32728,-0.00000,517.55620, 2.04134, 0.00000,-0.00000,-0.27657,-0.00000,2120.59606,-2.46069,-0.34487, 0.01605,15.01705,14.73012,-0.27429,2120.62145,-2.46069, 0.00000, 0.00000,
 8.20000,135.69113, 0.00000,14696.31894,-0.00000, 4.31899,-0.00000,517.56823, 2.15583, 0.00000,-0.00000, 0.10220,-0.00000,2120.59741,-2.46069,-0.31866, 0.01607,15.01423,14.63659,-0.25702,2120.62145,-2.46069, 0.00000, 0.00000,
 8.30000,137.44844, 0.00000,14698.15680,-0.00000, 4.34602,-0.00000,517.57735, 2.29529, 0.00000,-0.00000, 0.42992,-0.00000,2120.59896,-2.46069,-0.28898, 0.01608,15.00986,14.54801,-0.23619,2120.62145,-2.46069, 0.00000, 0.00000,
 8.40000,139.20643, 0.00000,14699.90147,-0.00000, 4.40331,-0.00000,517.58155, 2.45358, 0.00000,-0.00000, 0.70763,-0.00000,2120.60066,-2.46069,-0.25691, 0.01609,15.00238,14.46392,-0.21271,2120.62145,-2.46069, 0.00000, 0.00000,
 8.50000,140.96453, 0.00000,14701.56324,-0.00000, 4.48594,-0.00000,517.57916, 2.62509, 0.00000,-0.00000, 0.93714,-0.00000,2120.60245,-2.46069,-0.22338, 0.01609,14.99046,14.38383,-0.18739,2120.62145,-2.46069, 0.00000, 0.00000,
 8.60000,142.72200, 0.00000,14703.15291,-0.00000, 4.58921,-0.00000,517.56889, 2.80471, 0.00000,-0.00000, 1.12091,-0.00000,2120.60429,-2.46069,-0.18924, 0.01608,14.97307,14.30721,-0.16099,2120.62145,-2.46069, 0.00000, 0.00000,
 8.70000,144.47801, 0.00000,14704.68144,-0.00000, 4.70869,-0.00000,517.54971, 2.98796, 0.00000,-0.00000, 1.26193,-0.00000,2120.60614,-2.46069,-0.15523, 0.01607,14.94939,14.23354,-0.13416,2120.62145,-2.46069, 0.00000, 0.00000,
 8.80000,146.23162, 0.00000,14706.15978,-0.00000, 4.84028,-0.00000,517.52092, 3.17087, 0.00000,-0.00000, 1.36355,-0.00000,2120.60795,-2.46069,-0.12198, 0.01604,14.91881,14.16229,-0.10747,2120.62145,-2.46069, 0.00000, 0.00000,
 8.90000,147.98186, 0.00000,14707.59862,-0.00000, 4.98021,-0.00000,517.48205, 3.35008, 0.00000,-0.00000, 1.42941,-0.00000,2120.60971,-2.46069,-0.09001, 0.01601,14.88092,14.09294,-0.08142,2120.62145,-2.46069, 0.00000, 0.00000,
 9.00000,149.72769, 0.00000,14709.00825,-0.00000, 5.12510,-0.00000,517.43289, 3.52274, 0.00000,-0.00000, 1.46330,-0.00000,2120.61139,-2.46069,-0.05975, 0.01596,14.83549,14.02500,-0.05641,2120.62145,-2.46069, 0.00000, 0.00000,
 9.10000,151.46809, 0.00000,14710.39840,-0.00000, 5.27193,-0.00000,517.37343, 3.68656, 0.00000,-0.00000, 1.46906,-0.00000,2120.61297,-2.46069,-0.03155, 0.01591,14.78246,13.95800,-0.03277,2120.62145,-2.46069, 0.00000, 0.00000,
 9.20000,153.20204, 0.00000,14711.77816,-0.00000, 5.41810,-0.00000,517.30381, 3.83971, 0.00000,-0.00000, 1.45055,-0.00000,2120.61443,-2.46069,-0.00564, 0.01585,14.72189,13.89150,-0.01077,2120.62145,-2.46069, 0.00000, 0.00000,
 9.30000,154.92852, 0.00000,14713.15587,-0.00000, 5.56136,-0.00000,517.22435, 3.98084, 0.00000,-0.00000, 1.41151,-0.00000,2120.61576,-2.46069, 0.01780, 0.01577,14.65396,13.82510, 0.00940,2120.62145,-2.46069, 0.00000, 0.00000,
 9.40000,156.64659, 0.00000,14714.53907,-0.00000, 5.69984,-0.00000,517.13547, 4.10901, 0.00000,-0.00000, 1.35554,-0.00000,2120.61695,-2.46069, 0.03867, 0.01569,14.57894,13.75843, 0.02762,2120.62145,-2.46069, 0.00000, 0.00000,
 9.50000,158.35532, 0.00000,14715.93450,-0.00000, 5.83202,-0.00000,517.03771, 4.22365, 0.00000,-0.00000, 1.28607,-0.00000,2120.61801,-2.46069, 0.05693, 0.01560,14.49718,13.69118, 0.04381,2120.62145,-2.46069, 0.00000, 0.00000,
 9.60000,160.05386, 0.00000,14717.34803,-0.00000, 5.95671,-0.00000,516.93166, 4.32454, 0.00000,-0.00000, 1.20629,-0.00000,2120.61894,-2.46069, 0.07260, 0.01550,14.40911,13.62305, 0.05795,2120.62145,-2.46069, 0.00000, 0.00000,
 9.70000,161.74140, 0.00000,14718.78471,-0.00000, 6.07303,-0.00000,516.81798, 4.41175, 0.00000,-0.00000, 1.11912,-0.00000,2120.61972,-2.46069, 0.08574, 0.01540,14.31517,13.55380, 0.07004,2120.62145,-2.46069, 0.00000, 0.00000,
 9.80000,163.41722, 0.00000,14720.24879,-0.00000, 6.18038,-0.00000,516.69735, 4.48558, 0.00000,-0.00000, 1.02723,-0.00000,2120.62038,-2.46069, 0.09646, 0.01529,14.21586,13.48324, 0.08015,2120.62145,-2.46069, 0.00000, 0.00000,
 9.90000,165.08066, 0.00000,14721.74372,-0.00000, 6.27840,-0.00000,516.57046, 4.54655, 0.00000,-0.00000, 0.93297,-0.00000,2120.62092,-2.46069, 0.10488, 0.01517,14.11168,13.41119, 0.08835,2120.62145,-2.46069, 0.00000, 0.00000,
10.00000,166.73113, 0.00000,14723.27223,-0.00000, 6.36696,-0.00000,516.43802, 4.59535, 0.00000,-0.00000, 0.83843,-0.00000,2120.62133,-2.46069, 0.11117, 0.01505,14.00312,13.33752, 0.09475,2120.62145,-2.46069, 0.00000, 0.00000,
10.10000,168.36810, 0.00000,14724.83633,-0.00000, 6.44613,-0.00000,516.30071, 4.63281, 0.00000,-0.00000, 0.74539,-0.00000,2120.62165,-2.46069, 0.11549, 0.01492,13.89071,13.26213, 0.09948,2120.62145,-2.46069, 0.00000, 0.00000,
10.20000,169.99113, 0.00000,14726.43744,-0.00000, 6.51614,-0.00000,516.15920, 4.65984, 0.00000,-0.00000, 0.65536,-0.00000,2120.62186,-2.46069, 0.11804, 0.01479,13.77492,13.18496, 0.10267,2120.62145,-2.46069, 0.00000, 0.00000,
10.30000,171.59982, 0.00000,14728.07638,-0.00000, 6.57735,-0.00000,516.01411, 4.67742, 0.00000,-0.00000, 0.56959,-0.00000,2120.62199,-2.46069, 0.11901, 0.01466,13.65622,13.10597, 0.10447,2120.62145,-2.46069, 0.00000, 0.00000,
10.40000,173.19385, 0.00000,14729.75347,-0.00000, 6.63023,-0.00000,515.86604, 4.68658, 0.00000,-0.00000, 0.48905,-0.00000,2120.62204,-2.46069, 0.11859, 0.01452,13.53506,13.02514, 0.10504,2120.62145,-2.46069, 0.00000, 0.00000,
10.50000,174.77295, 0.00000,14731.46859,-0.00000, 6.67536,-0.00000,515.71553, 4.68836, 0.00000,-0.00000, 0.41449,-0.00000,2120.62202,-2.46069, 0.11699, 0.01438,13.41183,12.94247, 0.10453,2120.62145,-2.46069, 0.00000, 0.00000,
10.60000,176.33690, 0.00000,14733.22121,-0.00000, 6.71335,-0.00000,515.56308, 4.68378, 0.00000,-0.00000, 0.34643,-0.00000,2120.62195,-2.46069, 0.11438, 0.01424,13.28692,12.85800, 0.10309,2120.62145,-2.46069, 0.00000, 0.00000,
10.70000,177.88552, 0.00000,14735.01052,-0.00000, 6.74487,-0.00000,515.40913, 4.67386, 0.00000,-0.00000, 0.28521,-0.00000,2120.62183,-2.46069, 0.11096, 0.01410,13.16067,12.77176, 0.10088,2120.62145,-2.46069, 0.00000, 0.00000,
10.80000,179.41868, 0.00000,14736.83541,-0.00000, 6.77062,-0.00000,515.25408, 4.65955, 0.00000,-0.00000, 0.23097,-0.00000,2120.62168,-2.46069, 0.10689, 0.01395,13.03337,12.68381, 0.09803,2120.62145,-2.46069, 0.00000, 0.00000,
10.90000,180.93631, 0.00000,14738.69458,-0.00000, 6.79130,-0.00000,515.09827, 4.64176, 0.00000,-0.00000, 0.18372,-0.00000,2120.62149,-2.46069, 0.10232, 0.01381,12.90529,12.59420, 0.09468,2120.62145,-2.46069, 0.00000, 0.00000,
11.00000,182.43832, 0.00000,14740.58656,-0.00000, 6.80760,-0.00000,514.94198, 4.62134, 0.00000,-0.00000, 0.14333,-0.00000,2120.62129,-2.46069, 0.09742, 0.01366,12.77666,12.50301, 0.09096,2120.62145,-2.46069, 0.00000, 0.00000,
11.10000,183.92470, 0.00000,14742.50978,-0.00000, 6.82019,-0.00000,514.78547, 4.59906, 0.00000,-0.00000, 0.10956,-0.00000,2120.62107,-2.46069, 0.09230, 0.01352,12.64767,12.41032, 0.08697,2120.62145,-2.46069, 0.00000, 0.00000,
11.20000,185.39542, 0.00000,14744.46260,-0.00000, 6.82972,-0.00000,514.62892, 4.57564, 0.00000,-0.00000, 0.08206,-0.00000,2120.62085,-2.46069, 0.08709, 0.01338,12.51847,12.31620, 0.08282,2120.62145,-2.46069, 0.00000, 0.00000,
11.30000,186.85048, 0.00000,14746.44333,-0.00000, 6.83680,-0.00000,514.47250, 4.55168, 0.00000,-0.00000, 0.06044,-0.00000,2120.62062,-2.46069, 0.08189, 0.01323,12.38919,12.22073, 0.07860,2120.62145,-2.46069, 0.00000, 0.00000,
11.40000,188.28992, 0.00000,14748.45032,-0.00000, 6.84199,-0.00000,514.31631, 4.52774, 0.00000,-0.00000, 0.04425,-0.00000,2120.62040,-2.46069, 0.07678, 0.01309,12.25993,12.12400, 0.07440,2120.62145,-2.46069, 0.00000, 0.00000,
11.50000,189.71376, 0.00000,14750.48191,-0.00000, 6.84581,-0.00000,514.16043, 4.50429, 0.00000,-0.00000, 0.03297,-0.00000,2120.62019,-2.46069, 0.07184, 0.01294,12.13075,12.02609, 0.07027,2120.62145,-2.46069, 0.00000, 0.00000,
11.60000,191.12202, 0.00000,14752.53652,-0.00000, 6.84873,-0.00000,514.00490, 4.48172, 0.00000,-0.00000, 0.02611,-0.00000,2120.61998,-2.46069, 0.06712, 0.01280,12.00170,11.92706, 0.06628,2120.62145,-2.46069, 0.00000, 0.00000,
11.70000,192.51475, 0.00000,14754.61262,-0.00000, 6.85116,-0.00000,513.84974, 4.46035, 0.00000,-0.00000, 0.02312,-0.00000,2120.61979,-2.46069, 0.06268, 0.01266,11.87279,11.82700, 0.06247,2120.62145,-2.46069, 0.00000, 0.00000,
11.80000,193.89198, 0.00000,14756.70881,-0.00000, 6.85346,-0.00000,513.69495, 4.44043, 0.00000,-0.00000, 0.02348,-0.00000,2120.61962,-2.46069, 0.05855, 0.01251,11.74403,11.72597, 0.05888,2120.62145,-2.46069, 0.00000, 0.00000,
11.90000,195.25375, 0.00000,14758.82373,-0.00000, 6.85595,-0.00000,513.54050, 4.42216, 0.00000,-0.00000, 0.02668,-0.00000,2120.61947,-2.46069, 0.05475, 0.01237,11.61541,11.62403, 0.05553,2120.62145,-2.46069, 0.00000, 0.00000,
12.00000,196.60009,-0.00000,14760.95618,-0.00000, 6.85888,-0.00000,513.38633, 4.40567, 0.00000,-0.00000, 0.03221,-0.00000,2120.61933,-2.46069, 0.05130, 0.01223,11.48690,11.52125, 0.05245,2120.62145,-2.46069, 0.00000, 0.00000,
12.10000,197.93102,-0.00000,14763.10504,-0.00000, 6.86246,-0.00000,513.23240, 4.39103, 0.00000,-0.00000, 0.03962,-0.00000,2120.61921,-2.46069, 0.04821, 0.01209,11.35847,11.41769, 0.04964,2120.62145,-2.46069, 0.00000, 0.00000,
12.20000,199.24657,-0.00000,14765.26932,-0.00000, 6.86685,-0.00000,513.07863, 4.37828, 0.00000,-0.00000, 0.04846,-0.00000,2120.61912,-2.46069, 0.04547, 0.01195,11.23006,11.31337, 0.04711,2120.62145,-2.46069, 0.00000, 0.00000,
12.30000,200.54675,-0.00000,14767.44813,-0.00000, 6.87218,-0.00000,512.92494, 4.36742, 0.00000,-0.00000, 0.05832,-0.00000,2120.61904,-2.46069, 0.04307, 0.01180,11.10163,11.20836, 0.04486,2120.62145,-2.46069, 0.00000, 0.00000,
12.40000,201.83156,-0.00000,14769.64070,-0.00000, 6.87854,-0.00000,512.77126, 4.35841, 0.00000,-0.00000, 0.06884,-0.00000,2120.61897,-2.46069, 0.04100, 0.01166,10.97312,11.10268, 0.04287,2120.62145,-2.46069, 0.00000, 0.00000,
12.50000,203.10100,-0.00000,14771.84638,-0.00000, 6.88596,-0.00000,512.61750, 4.35117, 0.00000,-0.00000, 0.07969,-0.00000,2120.61893,-2.46069, 0.03924, 0.01152,10.84447,10.99638, 0.04115,2120.62145,-2.46069, 0.00000, 0.00000,
12.60000,204.35506,-0.00000,14774.06458,-0.00000, 6.89448,-0.00000,512.46359, 4.34561, 0.00000,-0.00000, 0.09059,-0.00000,2120.61890,-2.46069, 0.03778, 0.01138,10.71562,10.88947, 0.03967,2120.62145,-2.46069, 0.00000, 0.00000,
12.70000,205.59371,-0.00000,14776.29484,-0.00000, 6.90407,-0.00000,512.30943, 4.34162, 0.00000,-0.00000, 0.10128,-0.00000,2120.61889,-2.46069, 0.03658, 0.01124,10.58652,10.78197, 0.03841,2120.62145,-2.46069, 0.00000, 0.00000,
12.80000,206.81693,-0.00000,14778.53678,-0.00000, 6.91472,-0.00000,512.15495, 4.33908, 0.00000,-0.00000, 0.11156,-0.00000,2120.61889,-2.46069, 0.03562, 0.01110,10.45711,10.67392, 0.03737,2120.62145,-2.46069, 0.00000, 0.00000,
12.90000,208.02469,-0.00000,14780.79009,-0.00000, 6.92636,-0.00000,512.00007, 4.33785, 0.00000,-0.00000, 0.12126,-0.00000,2120.61890,-2.46069, 0.03488, 0.01095,10.32734,10.56531, 0.03651,2120.62145,-2.46069, 0.00000, 0.00000,
13.00000,209.21693,-0.00000,14783.05453,-0.00000, 6.93895,-0.00000,511.84474, 4.33779, 0.00000,-0.00000, 0.13023,-0.00000,2120.61893,-2.46069, 0.03433, 0.01081,10.19715,10.45617, 0.03583,2120.62145,-2.46069, 0.00000, 0.00000,
13.10000,210.39362,-0.00000,14785.32992,-0.00000, 6.95238,-0.00000,511.68888, 4.33875, 0.00000,-0.00000, 0.13838,-0.00000,2120.61896,-2.46069, 0.03394, 0.01067,10.06650,10.34651, 0.03528,2120.62145,-2.46069, 0.00000, 0.00000,
13.20000,211.55469,-0.00000,14787.61614,-0.00000, 6.96659,-0.00000,511.53245, 4.34061, 0.00000,-0.00000, 0.14562,-0.00000,2120.61900,-2.46069, 0.03369, 0.01052, 9.93535,10.23632, 0.03487,2120.62145,-2.46069, 0.00000, 0.00000,
13.30000,212.70009,-0.00000,14789.91310,-0.00000, 6.98148,-0.00000,511.37538, 4.34321, 0.00000,-0.00000, 0.15192,-0.00000,2120.61905,-2.46069, 0.03354, 0.01038, 9.80367,10.12561, 0.03456,2120.62145,-2.46069, 0.00000, 0.00000,
13.40000,213.82974,-0.00000,14792.22077,-0.00000, 6.99694,-0.00000,511.21765, 4.34643, 0.00000,-0.00000, 0.15726,-0.00000,2120.61910,-2.46069, 0.03349, 0.01023, 9.67142,10.01439, 0.03433,2120.62145,-2.46069, 0.00000, 0.00000,
13.50000,214.94359,-0.00000,14794.53911,-0.00000, 7.01290,-0.00000,511.05922, 4.35014, 0.00000,-0.00000, 0.16162,-0.00000,2120.61915,-2.46069, 0.03350, 0.01009, 9.53858, 9.90265, 0.03417,2120.62145,-2.46069, 0.00000, 0.00000,
13.60000,216.04156,-0.00000,14796.86815,-0.00000, 7.02923,-0.00000,510.90005, 4.35422, 0.00000,-0.00000, 0.16502,-0.00000,2120.61921,-2.46069, 0.03355, 0.00994, 9.40513, 9.79040, 0.03406,2120.62145,-2.46069, 0.00000, 0.00000,
13.70000,217.12358,-0.00000,14799.20790,-0.00000, 7.04587,-0.00000,510.74014, 4.35858, 0.00000,-0.00000, 0.16751,-0.00000,2120.61928,-2.46069, 0.03363, 0.00980, 9.27105, 9.67763, 0.03399,2120.62145,-2.46069, 0.00000, 0.00000,
13.80000,218.18956,-0.00000,14801.55837,-0.00000, 7.06271,-0.00000,510.57947, 4.36310, 0.00000,-0.00000, 0.16912,-0.00000,2120.61934,-2.46069, 0.03373, 0.00965, 9.13634, 9.56434, 0.03393,2120.62145,-2.46069, 0.00000, 0.00000,
13.90000,219.23945,-0.00000,14803.91962,-0.00000, 7.07966,-0.00000,510.41802, 4.36770, 0.00000,-0.00000, 0.16990,-0.00000,2120.61940,-2.46069, 0.03382, 0.00950, 9.00098, 9.45053, 0.03389,2120.62145,-2.46069, 0.00000, 0.00000,
14.00000,220.27314,-0.00000,14806.29166,-0.00000, 7.09666,-0.00000,510.25580, 4.37231, 0.00000,-0.00000, 0.16993,-0.00000,2120.61946,-2.46069, 0.03389, 0.00935, 8.86498, 9.33621, 0.03384,2120.62145,-2.46069, 0.00000, 0.00000,
14.10000,221.29058,-0.00000,14808.67452,-0.00000, 7.11363,-0.00000,510.09281, 4.37686, 0.00000,-0.00000, 0.16927,-0.00000,2120.61953,-2.46069, 0.03394, 0.00920, 8.72833, 9.22136, 0.03377,2120.62145,-2.46069, 0.00000, 0.00000,
14.20000,222.29168,-0.00000,14811.06821,-0.00000, 7.13050,-0.00000,509.92906, 4.38130, 0.00000,-0.00000, 0.16799,-0.00000,2120.61959,-2.46069, 0.03396, 0.00905, 8.59105, 9.10599, 0.03369,2120.62145,-2.46069, 0.00000, 0.00000,
14.30000,223.27637,-0.00000,14813.47276,-0.00000, 7.14721,-0.00000,509.76455, 4.38559, 0.00000,-0.00000, 0.16616,-0.00000,2120.61964,-2.46069, 0.03394, 0.00890, 8.45313, 8.99010, 0.03358,2120.62145,-2.46069, 0.00000, 0.00000,
14.40000,224.24457,-0.00000,14815.88814,-0.00000, 7.16371,-0.00000,509.59931, 4.38968, 0.00000,-0.00000, 0.16386,-0.00000,2120.61970,-2.46069, 0.03387, 0.00875, 8.31460, 8.87368, 0.03343,2120.62145,-2.46069, 0.00000, 0.00000,
14.50000,225.19620,-0.00000,14818.31435,-0.00000, 7.17996,-0.00000,509.43335, 4.39355, 0.00000,-0.00000, 0.16115,-0.00000,2120.61976,-2.46069, 0.03376, 0.00859, 8.17546, 8.75675, 0.03325,2120.62145,-2.46069, 0.00000, 0.00000,
14.60000,226.13121,-0.00000,14820.75134,-0.00000, 7.19593,-0.00000,509.26669, 4.39719, 0.00000,-0.00000, 0.15810,-0.00000,2120.61981,-2.46069, 0.03359, 0.00844, 8.03574, 8.63929, 0.03304,2120.62145,-2.46069, 0.00000, 0.00000,
14.70000,227.04952,-0.00000,14823.19906,-0.00000, 7.21158,-0.00000,509.09935, 4.40057, 0.00000,-0.00000, 0.15479,-0.00000,2120.61986,-2.46069, 0.03338, 0.00829, 7.89544, 8.52132, 0.03278,2120.62145,-2.46069, 0.00000, 0.00000,
14.80000,227.95106,-0.00000,14825.65744,-0.00000, 7.22688,-0.00000,508.93136, 4.40370, 0.00000,-0.00000, 0.15127,-0.00000,2120.61990,-2.46069, 0.03311, 0.00813, 7.75458, 8.40283, 0.03248,2120.62145,-2.46069, 0.00000, 0.00000,
14.90000,228.83577,-0.00000,14828.12641,-0.00000, 7.24183,-0.00000,508.76274, 4.40657, 0.00000,-0.00000, 0.14759,-0.00000,2120.61995,-2.46069, 0.03279, 0.00798, 7.61319, 8.28383, 0.03214,2120.62145,-2.46069, 0.00000, 0.00000,
15.00000,229.70359,-0.00000,14830.60585,-0.00000, 7.25640,-0.00000,508.59351, 4.40920, 0.00000,-0.00000, 0.14381,-0.00000,2120.61999,-2.46069, 0.03243, 0.00782, 7.47128, 8.16433, 0.03176,2120.62145,-2.46069, 0.00000, 0.00000,
15.10000,230.55446,-0.00000,14833.09566,-0.00000, 7.27059,-0.00000,508.42371, 4.41158, 0.00000,-0.00000, 0.13997,-0.00000,2120.62003,-2.46069, 0.03202, 0.00767, 7.32888, 8.04433, 0.03135,2120.62145,-2.46069, 0.00000, 0.00000,
15.20000,231.38831,-0.00000,14835.59571,-0.00000, 7.28439,-0.00000,508.25335, 4.41374, 0.00000,-0.00000, 0.13612,-0.00000,2120.62007,-2.46069, 0.03157, 0.00751, 7.18599, 7.92383, 0.03090,2120.62145,-2.46069, 0.00000, 0.00000,
15.30000,232.20511,-0.00000,14838.10584,-0.00000, 7.29781,-0.00000,508.08246, 4.41569, 0.00000,-0.00000, 0.13228,-0.00000,2120.62010,-2.46069, 0.03108, 0.00735, 7.04265, 7.80285, 0.03041,2120.62145,-2.46069, 0.00000, 0.00000,
15.40000,233.00479,-0.00000,14840.62591,-0.00000, 7.31085,-0.00000,507.91106, 4.41743, 0.00000,-0.00000, 0.12849,-0.00000,2120.62014,-2.46069, 0.03055, 0.00719, 6.89887, 7.68139, 0.02990,2120.62145,-2.46069, 0.00000, 0.00000,
15.50000,233.78730,-0.00000,14843.15574,-0.00000, 7.32351,-0.00000,507.73919, 4.41901, 0.00000,-0.00000, 0.12477,-0.00000,2120.62017,-2.46069, 0.02999, 0.00704, 6.75467, 7.55946, 0.02935,2120.62145,-2.46069, 0.00000, 0.00000,
15.60000,234.55261,-0.00000,14845.69517,-0.00000, 7.33580,-0.00000,507.56686, 4.42042, 0.00000,-0.00000, 0.12114,-0.00000,2120.62020,-2.46069, 0.02941, 0.00688, 6.61007, 7.43707, 0.02878,2120.62145,-2.46069, 0.00000, 0.00000,
15.70000,235.30066,-0.00000,14848.24399,-0.00000, 7.34774,-0.00000,507.39410, 4.42169, 0.00000,-0.00000, 0.11761,-0.00000,2120.62023,-2.46069, 0.02880, 0.00672, 6.46509, 7.31422, 0.02819,2120.62145,-2.46069, 0.00000, 0.00000,
15.80000,236.03141,-0.00000,14850.80202,-0.00000, 7.35933,-0.00000,507.22092, 4.42285, 0.00000,-0.00000, 0.11420,-0.00000,2120.62026,-2.46069, 0.02817, 0.00656, 6.31975, 7.19093, 0.02758,2120.62145,-2.46069, 0.00000, 0.00000,
15.90000,236.74483,-0.00000,14853.36905,-0.00000, 7.37058,-0.00000,507.04736, 4.42390, 0.00000,-0.00000, 0.11091,-0.00000,2120.62029,-2.46069, 0.02752, 0.00640, 6.17405, 7.06721, 0.02695,2120.62145,-2.46069, 0.00000, 0.00000,
16.00000,237.44087,-0.00000,14855.94488,-0.00000, 7.38152,-0.00000,506.87342, 4.42487, 0.00000,-0.00000, 0.10774,-0.00000,2120.62031,-2.46069, 0.02686, 0.00624, 6.02803, 6.94306, 0.02631,2120.62145,-2.46069, 0.00000, 0.00000,
16.10000,238.11950,-0.00000,14858.52930,-0.00000, 7.39214,-0.00000,506.69914, 4.42578, 0.00000,-0.00000, 0.10470,-0.00000,2120.62034,-2.46069, 0.02618, 0.00608, 5.88169, 6.81850, 0.02566,2120.62145,-2.46069, 0.00000, 0.00000,
16.20000,238.78069,-0.00000,14861.12209,-0.00000, 7.40246,-0.00000,506.52452, 4.42663, 0.00000,-0.00000, 0.10179,-0.00000,2120.62037,-2.46069, 0.02550, 0.00592, 5.73505, 6.69353, 0.02500,2120.62145,-2.46069, 0.00000, 0.00000,
16.30000,239.42440,-0.00000,14863.72303,-0.00000, 7.41250,-0.00000,506.34958, 4.42745, 0.00000,-0.00000, 0.09899,-0.00000,2120.62039,-2.46069, 0.02481, 0.00576, 5.58812, 6.56818, 0.02434,2120.62145,-2.46069, 0.00000, 0.00000,
16.40000,240.05060,-0.00000,14866.33190,-0.00000, 7.42226,-0.00000,506.17434, 4.42825, 0.00000,-0.00000, 0.09631,-0.00000,2120.62042,-2.46069, 0.02412, 0.00560, 5.44092, 6.44243, 0.02367,2120.62145,-2.46069, 0.00000, 0.00000,
16.50000,240.65926,-0.00000,14868.94848,-0.00000, 7.43176,-0.00000,505.99882, 4.42904, 0.00000,-0.00000, 0.09373,-0.00000,2120.62044,-2.46069, 0.02343, 0.00544, 5.29346, 6.31632, 0.02299,2120.62145,-2.46069, 0.00000, 0.00000,
16.60000,241.25035,-0.00000,14871.57256,-0.00000, 7.44101,-0.00000,505.82303, 4.42983,-0.00000,-0.00000, 0.09126,-0.00000,2120.62047,-2.46069, 0.02274, 0.00527, 5.14576, 6.18985, 0.02232,2120.62145,-2.46069, 0.00000, 0.00000,
16.70000,241.82385,-0.00000,14874.20391,-0.00000, 7.45002,-0.00000,505.64699, 4.43063,-0.00000,-0.00000, 0.08887,-0.00000,2120.62050,-2.46069, 0.02205, 0.00511, 4.99781, 6.06303, 0.02164,2120.62145,-2.46069, 0.00000, 0.00000,
16.80000,242.37974,-0.00000,14876.84231,-0.00000, 7.45879,-0.00000,505.47070, 4.43145,-0.00000,-0.00000, 0.08656,-0.00000,2120.62052,-2.46069, 0.02137, 0.00495, 4.84964, 5.93586, 0.02097,2120.62145,-2.46069, 0.00000, 0.00000,
16.90000,242.91799,-0.00000,14879.48753,-0.00000, 7.46733,-0.00000,505.29418, 4.43229,-0.00000,-0.00000, 0.08432,-0.00000,2120.62055,-2.46069, 0.02069, 0.00479, 4.70126, 5.80837, 0.02030,2120.62145,-2.46069, 0.00000, 0.00000,
17.00000,243.43857,-0.00000,14882.13938,-0.00000, 7.47565,-0.00000,505.11745, 4.43316,-0.00000,-0.00000, 0.08214,-0.00000,2120.62058,-2.46069, 0.02001, 0.00463, 4.55268, 5.68056, 0.01963,2120.62145,-2.46069, 0.00000, 0.00000,
17.10000,243.94147,-0.00000,14884.79761,-0.00000, 7.48376,-0.00000,504.94051, 4.43406,-0.00000,-0.00000, 0.08001,-0.00000,2120.62060,-2.46069, 0.01934, 0.00446, 4.40390, 5.55244, 0.01897,2120.62145,-2.46069, 0.00000, 0.00000,
17.20000,244.42666,-0.00000,14887.46203,-0.00000, 7.49166,-0.00000,504.76338, 4.43500,-0.00000,-0.00000, 0.07793,-0.00000,2120.62063,-2.46069, 0.01867, 0.00430, 4.25495, 5.42402, 0.01831,2120.62145,-2.46069, 0.00000, 0.00000,
17.30000,244.89414,-0.00000,14890.13242,-0.00000, 7.49935,-0.00000,504.58607, 4.43597,-0.00000,-0.00000, 0.07587,-0.00000,2120.62066,-2.46069, 0.01801, 0.00414, 4.10581, 5.29531, 0.01766,2120.62145,-2.46069, 0.00000, 0.00000,
17.40000,245.34387,-0.00000,14892.80857,-0.00000, 7.50683,-0.00000,504.40859, 4.43697,-0.00000,-0.00000, 0.07384,-0.00000,2120.62069,-2.46069, 0.01736, 0.00397, 3.95652, 5.16633, 0.01701,2120.62145,-2.46069, 0.00000, 0.00000,
17.50000,245.77585,-0.00000,14895.49027,-0.00000, 7.51412,-0.00000,504.23094, 4.43802,-0.00000,-0.00000, 0.07183,-0.00000,2120.62072,-2.46069, 0.01671, 0.00381, 3.80708, 5.03708, 0.01636,2120.62145,-2.46069, 0.00000, 0.00000,
17.60000,246.19006,-0.00000,14898.17731,-0.00000, 7.52120,-0.00000,504.05316, 4.43910,-0.00000,-0.00000, 0.06983,-0.00000,2120.62075,-2.46069, 0.01607, 0.00365, 3.65749, 4.90757, 0.01572,2120.62145,-2.46069, 0.00000, 0.00000,
17.70000,246.58648,-0.00000,14900.86948,-0.00000, 7.52808,-0.00000,503.87523, 4.44021,-0.00000,-0.00000, 0.06783,-0.00000,2120.62078,-2.46069, 0.01543, 0.00348, 3.50776, 4.77782, 0.01508,2120.62145,-2.46069, 0.00000, 0.00000,
17.80000,246.96510,-0.00000,14903.56659,-0.00000, 7.53476,-0.00000,503.69718, 4.44136,-0.00000,-0.00000, 0.06583,-0.00000,2120.62081,-2.46069, 0.01480, 0.00332, 3.35792, 4.64782, 0.01445,2120.62145,-2.46069, 0.00000, 0.00000,
17.90000,247.32591,-0.00000,14906.26843,-0.00000, 7.54125,-0.00000,503.51901, 4.44254,-0.00000,-0.00000, 0.06382,-0.00000,2120.62084,-2.46069, 0.01417, 0.00316, 3.20796, 4.51760, 0.01382,2120.62145,-2.46069, 0.00000, 0.00000,
18.00000,247.66890,-0.00000,14908.97479,-0.00000, 7.54753,-0.00000,503.34074, 4.44374,-0.00000,-0.00000, 0.06180,-0.00000,2120.62087,-2.46069, 0.01355, 0.00299, 3.05789, 4.38716, 0.01319,2120.62145,-2.46069, 0.00000, 0.00000,
18.10000,247.99405,-0.00000,14911.68549,-0.00000, 7.55361,-0.00000,503.16238, 4.44497,-0.00000,-0.00000, 0.05977,-0.00000,2120.62090,-2.46069, 0.01293, 0.00283, 2.90773, 4.25652, 0.01257,2120.62145,-2.46069, 0.00000, 0.00000,
18.20000,248.30137,-0.00000,14914.40032,-0.00000, 7.55948,-0.00000,502.98394, 4.44622,-0.00000,-0.00000, 0.05773,-0.00000,2120.62093,-2.46069, 0.01231, 0.00267, 2.75748, 4.12567, 0.01195,2120.62145,-2.46069, 0.00000, 0.00000,
18.30000,248.59084,-0.00000,14917.11909,-0.00000, 7.56515,-0.00000,502.80543, 4.44750,-0.00000,-0.00000, 0.05567,-0.00000,2120.62096,-2.46069, 0.01169, 0.00250, 2.60715, 3.99463, 0.01133,2120.62145,-2.46069, 0.00000, 0.00000,
18.40000,248.86245,-0.00000,14919.84159,-0.00000, 7.57062,-0.00000,502.62686, 4.44879,-0.00000,-0.00000, 0.05358,-0.00000,2120.62099,-2.46069, 0.01108, 0.00234, 2.45676, 3.86341, 0.01072,2120.62145,-2.46069, 0.00000, 0.00000,
18.50000,249.11621,-0.00000,14922.56764,-0.00000, 7.57587,-0.00000,502.44824, 4.45009,-0.00000,-0.00000, 0.05148,-0.00000,2120.62103,-2.46069, 0.01047, 0.00217, 2.30631, 3.73203, 0.01010,2120.62145,-2.46069, 0.00000, 0.00000,
18.60000,249.35210,-0.00000,14925.29704,-0.00000, 7.58091,-0.00000,502.26959, 4.45141,-0.00000, 0.00000, 0.04936,-0.00000,2120.62106,-2.46069, 0.00986, 0.00201, 2.15582, 3.60048, 0.00949,2120.62145,-2.46069, 0.00000, 0.00000,
18.70000,249.57013,-0.00000,14928.02959,-0.00000, 7.58574,-0.00000,502.09091, 4.45273,-0.00000, 0.00000, 0.04722,-0.00000,2120.62109,-2.46069, 0.00926, 0.00185, 2.00529, 3.46878, 0.00888,2120.62145,-2.46069, 0.00000, 0.00000,
18.80000,249.77028,-0.00000,14930.76510,-0.00000, 7.59035,-0.00000,501.91223, 4.45407,-0.00000, 0.00000, 0.04506,-0.00000,2120.62112,-2.46069, 0.00865, 0.00168, 1.85473, 3.33693, 0.00827,2120.62145,-2.46069, 0.00000, 0.00000,
18.90000,249.95257,-0.00000,14933.50338,-0.00000, 7.59475,-0.00000,501.73354, 4.45541,-0.00000, 0.00000, 0.04288,-0.00000,2120.62115,-2.46069, 0.00804, 0.00152, 1.70416, 3.20495, 0.00766,2120.62145,-2.46069, 0.00000, 0.00000,
19.00000,250.11699,-0.00000,14936.24423,-0.00000, 7.59893,-0.00000,501.55487, 4.45675,-0.00000, 0.00000, 0.04068,-0.00000,2120.62119,-2.46069, 0.00744, 0.00135, 1.55358, 3.07285, 0.00705,2120.62145,-2.46069, 0.00000, 0.00000,
19.10000,250.26355,-0.00000,14938.98746,-0.00000, 7.60289,-0.00000,501.37622, 4.45809,-0.00000, 0.00000, 0.03847,-0.00000,2120.62122,-2.46069, 0.00683, 0.00119, 1.40301, 2.94064, 0.00644,2120.62145,-2.46069, 0.00000, 0.00000,
19.20000,250.39224,-0.00000,14941.73287,-0.00000, 7.60662,-0.00000,501.19762, 4.45943,-0.00000, 0.00000, 0.03624,-0.00000,2120.62125,-2.46069, 0.00623, 0.00103, 1.25245, 2.80832, 0.00584,2120.62145,-2.46069, 0.00000, 0.00000,
19.30000,250.50307,-0.00000,14944.48028,-0.00000, 7.61014,-0.00000,501.01906, 4.46077,-0.00000, 0.00000, 0.03400,-0.00000,2120.62128,-2.46069, 0.00562, 0.00086, 1.10192, 2.67590, 0.00523,2120.62145,-2.46069, 0.00000, 0.00000,
19.40000,250.59605,-0.00000,14947.22949,-0.00000, 7.61342,-0.00000,500.84057, 4.46211,-0.00000, 0.00000, 0.03174,-0.00000,2120.62131,-2.46069, 0.00501, 0.00070, 0.95143, 2.54339, 0.00462,2120.62145,-2.46069, 0.00000, 0.00000,
19.50000,250.67119,-0.00000,14949.98030,-0.00000, 7.61648,-0.00000,500.66215, 4.46344,-0.00000, 0.00000, 0.02948,-0.00000,2120.62135,-2.46069, 0.00440, 0.00053, 0.80098, 2.41081, 0.00401,2120.62145,-2.46069, 0.00000, 0.00000,
19.60000,250.72849,-0.00000,14952.73252,-0.00000, 7.61932,-0.00000,500.48382, 4.46477,-0.00000, 0.00000, 0.02720,-0.00000,2120.62138,-2.46069, 0.00380, 0.00037, 0.65059, 2.27816, 0.00340,2120.62145,-2.46069, 0.00000, 0.00000,
19.70000,250.76796,-0.00000,14955.48595,-0.00000, 7.62193,-0.00000,500.30560, 4.46610,-0.00000, 0.00000, 0.02492,-0.00000,2120.62141,-2.46069, 0.00319, 0.00021, 0.50027, 2.14545, 0.00279,2120.62145,-2.46069, 0.00000, 0.00000,
19.80000,250.78961,-0.00000,14958.24041,-0.00000, 7.62430,-0.00000,500.12749, 4.46742,-0.00000, 0.00000, 0.02263,-0.00000,2120.62144,-2.46069, 0.00258, 0.00004, 0.35002, 2.01270, 0.00218,2120.62145,-2.46069, 0.00000, 0.00000,
19.90000,250.79346,-0.00000,14960.99570,-0.00000, 7.62645,-0.00000,499.94950, 4.46873,-0.00000, 0.00000, 0.02034,-0.00000,2120.62147,-2.46069, 0.00197,-0.00012, 0.19987, 1.87990, 0.00157,2120.62145,-2.46069, 0.00000, 0.00000,
20.00000,250.77951,-0.00000,14963.75161,-0.00000, 7.62837,-0.00000,499.77166, 4.47004,-0.00000, 0.00000, 0.01804,-0.00000,2120.62150,-2.46069, 0.00136,-0.00028, 0.04982, 1.74707, 0.00096,2120.62145,-2.46069, 0.00000, 0.00000,
