
time,npos,epos,alt,phi,theta,psi,vel,alpha,beta,p,q,r,nx,ny,nz,mach,qbar,ps,

 0.00000, 0.00000, 0.00000,15000.00000, 0.00000, 4.46549, 0.00000,500.00000, 4.46549, 0.00000, 0.00000, 0.00000, 0.00000, 0.07786, 0.00000, 0.99696, 0.47339,187.31921,1193.18672,2120.62145,-2.46069, 0.00000, 0.00000,
 0.10000,50.00000, 0.00000,15000.00000, 0.00000, 4.46549,-0.00000,500.00000, 4.46549, 0.00000, 0.00000,-0.00000,-0.00000, 0.07786, 0.00000, 0.99696, 0.47339,187.31921,1193.18672,2120.62145,-2.46069, 0.00000, 0.00000,
 0.20000,100.00000, 0.00000,15000.00000, 0.00000, 4.46549,-0.00000,500.00000, 4.46549, 0.00000, 0.00000,-0.00000,-0.00000, 0.07786, 0.00000, 0.99696, 0.47339,187.31921,1193.18672,2120.62145,-2.46069, 0.00000, 0.00000,
 0.30000,150.00000, 0.00000,15000.00000,-0.00000, 4.46549,-0.00000,500.00000, 4.46549, 0.00000,-0.00000,-0.00000,-0.00000, 0.07786, 0.00000, 0.99696, 0.47339,187.31921,1193.18672,2120.62145,-2.46069, 0.00000, 0.00000,
 0.40000,200.00000, 0.00000,15000.00000,-0.00000, 4.46549,-0.00000,500.00000, 4.46549, 0.00000,-0.00000,-0.00000,-0.00000, 0.07786,-0.00000, 0.99696, 0.47339,187.31921,1193.18672,2120.62145,-2.46069, 0.00000, 0.00000,
 0.50000,250.00000, 0.00000,15000.00000,-0.00000, 4.46549,-0.00000,500.00000, 4.46549, 0.00000,-0.00000,-0.00000,-0.00000, 0.07786,-0.00000, 0.99696, 0.47339,187.31921,1193.18672,2120.62145,-2.46069, 0.00000, 0.00000,
 0.60000,300.00000, 0.00000,15000.00000,-0.00000, 4.46549,-0.00000,500.00000, 4.46549, 0.00000,-0.00000,-0.00000,-0.00000, 0.07786,-0.00000, 0.99696, 0.47339,187.31921,1193.18672,2120.62145,-2.46069, 0.00000, 0.00000,
 0.70000,350.00000, 0.00000,15000.00000,-0.00000, 4.46549,-0.00000,500.00000, 4.46549, 0.00000,-0.00000,-0.00000,-0.00000, 0.07786,-0.00000, 0.99696, 0.47339,187.31921,1193.18672,2120.62145,-2.46069, 0.00000, 0.00000,
 0.80000,400.00000,-0.00000,15000.00000,-0.00000, 4.46549,-0.00000,500.00000, 4.46549, 0.00000,-0.00000,-0.00000,-0.00000, 0.07786,-0.00000, 0.99696, 0.47339,187.31921,1193.18672,2120.62145,-2.46069, 0.00000, 0.00000,
 0.90000,450.00000,-0.00000,15000.00000,-0.00000, 4.46549,-0.00000,500.00000, 4.46549, 0.00000,-0.00000,-0.00000,-0.00000, 0.07786,-0.00000, 0.99696, 0.47339,187.31921,1193.18672,2120.62145,-2.46069, 0.00000, 0.00000,
 1.00000,500.00000,-0.00000,15000.00000,-0.00000, 4.46549,-0.00000,500.00000, 4.46549, 0.00000,-0.00000,-0.00000,-0.00000, 0.07789,-0.00000, 0.99713, 0.47339,187.31921,1193.18672,2120.62145,-2.45283, 0.00000, 0.00000,
 1.10000,550.00038,-0.00000,15000.00516,-0.00000, 4.40611,-0.00000,500.00443, 4.39131, 0.00000,-0.00000,-1.63949,-0.00000, 0.07746,-0.00000, 1.04449, 0.47340,187.32250,1193.18647,2120.62145, 1.76102, 0.00000, 0.00000,
 1.20000,600.00037,-0.00000,15000.02204,-0.00000, 4.10297,-0.00000,499.99774, 4.08446, 0.00000,-0.00000,-4.44462,-0.00000, 0.06983,-0.00000, 0.95846, 0.47339,187.31739,1193.18566,2120.62145, 2.43607, 0.00000, 0.00000,
 1.30000,650.00089,-0.00000,15000.02511,-0.00000, 3.52211,-0.00000,500.01894, 3.54198, 0.00000,-0.00000,-7.12686,-0.00000, 0.06330,-0.00000, 0.82247, 0.47341,187.33325,1193.18551,2120.62145, 2.52562, 0.00000, 0.00000,
 1.40000,700.00550,-0.00000,14999.97103,-0.00000, 2.68807,-0.00000,500.08104, 2.80231, 0.00000,-0.00000,-9.49871,-0.00000, 0.05604,-0.00000, 0.65719, 0.47347,187.38012,1193.18812,2120.62145, 2.53750, 0.00000, 0.00000,
 1.50000,750.01812,-0.00000,14999.80672,-0.00000, 1.63353,-0.00000,500.18328, 1.90720, 0.00000,-0.00000,-11.53635,-0.00000, 0.04815,-0.00000, 0.47162, 0.47357,187.45774,1193.19604,2120.62145, 2.53907, 0.00000, 0.00000,
 1.60000,800.04174,-0.00000,14999.47241,-0.00000, 0.39182,-0.00000,500.31594, 0.89621, 0.00000,-0.00000,-13.24338,-0.00000, 0.03988,-0.00000, 0.27249, 0.47369,187.55924,1193.21215,2120.62145, 2.53928, 0.00000, 0.00000,
 1.70000,850.07735,-0.00000,14998.90392,-0.00000,-1.00455,-0.00000,500.46325,-0.19423, 0.00000,-0.00000,-14.63699,-0.00000, 0.03304,-0.00000, 0.06305, 0.47383,187.67317,1193.23955,2120.62145, 2.53931, 0.00000, 0.00000,
 1.80000,900.12392,-0.00000,14998.03314,-0.00000,-2.53399,-0.00000,500.62333,-1.33668, 0.00000,-0.00000,-15.96333,-0.00000, 0.03380,-0.00000,-0.16562, 0.47398,187.79856,1193.28152,2120.62145, 2.53931, 0.00000, 0.00000,
 1.90000,950.17862,-0.00000,14996.78667,-0.00000,-4.20020,-0.00000,500.78136,-2.52992, 0.00000,-0.00000,-17.37931,-0.00000, 0.03465,-0.00000,-0.40412, 0.47413,187.92477,1193.34160,2120.62145, 2.53931, 0.00000, 0.00000,
 2.00000,1000.23448,-0.00000,14995.08769,-0.00000,-6.01432,-0.00000,500.90851,-3.78141, 0.00000,-0.00000,-18.92959,-0.00000, 0.03563,-0.00000,-0.65425, 0.47425,188.03060,1193.42350,2120.62145, 2.53931, 0.00000, 0.00000,
 2.10000,1050.27915,-0.00000,14992.85613,-0.00000,-7.99235,-0.00000,500.97085,-5.10267, 0.00000,-0.00000,-20.66523,-0.00000, 0.03664,-0.00000,-0.92581, 0.47430,188.09106,1193.53107,2120.62145, 2.53931, 0.00000, 0.00000,
 2.20000,1100.29272,-0.00000,14990.00216,-0.00000,-10.14076, 0.00000,500.90865,-6.47632, 0.00000,-0.00000,-22.22038,-0.00000, 0.03630,-0.00000,-1.29096, 0.47424,188.06182,1193.66867,2120.62145, 2.53931, 0.00000, 0.00000,
 2.30000,1150.24393,-0.00000,14986.41608,-0.00000,-12.41919, 0.00000,500.66322,-7.84976, 0.00000,-0.00000,-23.26037,-0.00000, 0.03615,-0.00000,-1.64245, 0.47400,187.89950,1193.84157,2120.62145, 2.53931, 0.00000, 0.00000,
 2.40000,1200.09221,-0.00000,14981.99051,-0.00000,-14.77539, 0.00000,500.19828,-9.17799, 0.00000,-0.00000,-23.77869, 0.00000, 0.03612,-0.00000,-1.97200, 0.47355,187.57768,1194.05498,2120.62145, 2.53931, 0.00000, 0.00000,
 2.50000,1249.78944,-0.00000,14976.62776,-0.00000,-17.15884, 0.00000,499.49169,-10.42033, 0.00000,-0.00000,-23.81551, 0.00000, 0.03615,-0.00000,-2.27271, 0.47287,187.08073,1194.31363,2120.62145, 2.53931, 0.00000, 0.00000,
 2.60000,1299.28178,-0.00000,14970.24232,-0.00000,-19.52498, 0.00000,498.53827,-11.54405, 0.00000,-0.00000,-23.44767, 0.00000, 0.03619,-0.00000,-2.53922, 0.47196,186.40594,1194.62165,2120.62145, 2.53931, 0.00000, 0.00000,
 2.70000,1348.51196,-0.00000,14962.76249,-0.00000,-21.83815, 0.00000,497.35025,-12.52657, 0.00000,-0.00000,-22.77316, 0.00000, 0.03620,-0.00000,-2.76790, 0.47082,185.56372,1194.98255,2120.62145, 2.53931, 0.00000, 0.00000,
 2.80000,1397.42180,-0.00000,14954.13118,-0.00000,-24.07283, 0.00000,495.95524,-13.35617, 0.00000,-0.00000,-21.89489, 0.00000, 0.03619,-0.00000,-2.95700, 0.46948,184.57602,1195.39912,2120.62145, 2.53931, 0.00000, 0.00000,
 2.90000,1445.95449,-0.00000,14944.30590,-0.00000,-26.21350, 0.00000,494.39253,-14.03110, 0.00000,-0.00000,-20.90741, 0.00000, 0.03618,-0.00000,-3.10667, 0.46798,183.47331,1195.87346,2120.62145, 2.53931, 0.00000, 0.00000,
 3.00000,1494.05651,-0.00000,14933.25805,-0.00000,-28.25330, 0.00000,492.70838,-14.55782, 0.00000,-0.00000,-19.88880, 0.00000, 0.03621, 0.00000,-3.21895, 0.46637,182.29091,1196.40699,2120.62145, 2.53146, 0.00000, 0.00000,
 3.10000,1541.67647, 0.00000,14920.96582,-0.00000,-30.12103, 0.00000,490.91007,-14.85654, 0.00000,-0.00000,-16.74442, 0.00000, 0.01975, 0.00000,-3.40328, 0.46464,181.03501,1197.00085,2120.62145,-3.46854, 0.00000, 0.00000,
 3.20000,1588.75553, 0.00000,14907.40526,-0.00000,-31.47875, 0.00000,488.99311,-14.60474,-0.00000,-0.00000,-10.15036, 0.00000,-0.00650, 0.00000,-3.40824, 0.46281,179.70313,1197.65626,2120.62145,-6.90487, 0.00000, 0.00000,
 3.30000,1635.26497, 0.00000,14892.59324,-0.00000,-32.15883, 0.00000,487.32969,-13.71424,-0.00000,-0.00000,-3.61783, 0.00000,-0.00833, 0.00000,-3.17943, 0.46120,178.56858,1198.37248,2120.62145,-7.38695, 0.00000, 0.00000,
 3.40000,1681.23083, 0.00000,14876.59785,-0.00000,-32.23963, 0.00000,486.18472,-12.33214,-0.00000,-0.00000, 1.82069, 0.00000,-0.00477, 0.00000,-2.79323, 0.46009,177.82291,1199.14632,2120.62145,-7.45091, 0.00000, 0.00000,
 3.50000,1726.71809, 0.00000,14859.52359,-0.00000,-31.82695, 0.00000,485.66856,-10.61570,-0.00000,-0.00000, 6.29401, 0.00000, 0.00095, 0.00000,-2.29554, 0.45957,177.54404,1199.97279,2120.62145,-7.45939, 0.00000, 0.00000,
 3.60000,1771.81737, 0.00000,14841.50162,-0.00000,-31.00402, 0.00000,485.78408,-8.68707,-0.00000,-0.00000,10.07072, 0.00000, 0.00799, 0.00000,-1.71876, 0.45965,177.73257,1200.84563,2120.62145,-7.46051, 0.00000, 0.00000,
 3.70000,1816.63458, 0.00000,14822.68408,-0.00000,-29.82755, 0.00000,486.45817,-6.63213,-0.00000,-0.00000,13.40405,-0.00000, 0.01595, 0.00000,-1.08400, 0.46025,178.33518,1201.75755,2120.62145,-7.46066, 0.00000, 0.00000,
 3.80000,1861.28276, 0.00000,14803.24094,-0.00000,-28.33063, 0.00000,487.56476,-4.50343,-0.00000,-0.00000,16.50836,-0.00000, 0.02228, 0.00000,-0.46310, 0.46126,179.26064,1202.70037,2120.62145,-7.46068, 0.00000, 0.00000,
 3.90000,1905.86305, 0.00000,14783.33709,-0.00000,-26.53625, 0.00000,488.89554,-2.27356,-0.00000, 0.00000,19.30730,-0.00000, 0.02098, 0.00000,-0.01180, 0.46249,180.35711,1203.66615,2120.62145,-7.46069, 0.00000, 0.00000,
 4.00000,1950.44715, 0.00000,14763.10585,-0.00000,-24.48586, 0.00000,490.29948, 0.03654,-0.00000, 0.00000,21.60699,-0.00000, 0.02024, 0.00000, 0.45583, 0.46378,181.51367,1204.64845,2120.62145,-7.46069, 0.00000, 0.00000,
 4.10000,1995.09780, 0.00000,14742.68196,-0.00000,-22.23341, 0.00000,491.69813, 2.37665,-0.00000, 0.00000,23.35489,-0.00000, 0.04890, 0.00000, 0.89511, 0.46506,182.67184,1205.64076,2120.62145,-7.46069, 0.00000, 0.00000,
 4.20000,2039.87102, 0.00000,14722.19727,-0.00000,-19.83173, 0.00000,493.01473, 4.70130, 0.00000, 0.00000,24.59774,-0.00000, 0.07826, 0.00000, 1.33032, 0.46627,183.77360,1206.63669,2120.62145,-7.46069, 0.00000, 0.00000,
 4.30000,2084.81251, 0.00000,14701.78410,-0.00000,-17.33163, 0.00000,494.16059, 6.96712, 0.00000, 0.00000,25.29825,-0.00000, 0.12532,-0.00000, 1.73547, 0.46732,184.75123,1207.62980,2120.62145,-7.46069, 0.00000, 0.00000,
 4.40000,2129.95766, 0.00000,14681.56986,-0.00000,-14.79243,-0.00000,495.07846, 9.12785, 0.00000,-0.00000,25.39019,-0.00000, 0.17285,-0.00000, 2.11242, 0.46815,185.55989,1208.61389,2120.62145,-7.46069, 0.00000, 0.00000,
 4.50000,2175.32930, 0.00000,14661.67616,-0.00000,-12.26904,-0.00000,495.70462,11.14075, 0.00000,-0.00000,25.06648,-0.00000, 0.23492,-0.00000, 2.46100, 0.46871,186.14970,1209.58299,2120.62145,-7.46069, 0.00000, 0.00000,
 4.60000,2220.94216, 0.00000,14642.21798,-0.00000,-9.77343,-0.00000,496.04667,13.00271, 0.00000,-0.00000,24.87636,-0.00000, 0.30532,-0.00000, 2.78736, 0.46899,186.52441,1210.53149,2120.62145,-7.46069, 0.00000, 0.00000,
 4.70000,2266.80312, 0.00000,14623.30477,-0.00000,-7.28816,-0.00000,496.05795,14.74024, 0.00000,-0.00000,24.85474,-0.00000, 0.37115,-0.00000, 3.09222, 0.46897,186.64738,1211.45399,2120.62145,-7.46069, 0.00000, 0.00000,
 4.80000,2312.90692, 0.00000,14605.04049,-0.00000,-4.80351,-0.00000,495.67088,16.37527, 0.00000,-0.00000,24.77327,-0.00000, 0.41025,-0.00000, 3.35738, 0.46857,186.46665,1212.34539,2120.62145,-7.46069, 0.00000, 0.00000,
 4.90000,2359.23199, 0.00000,14587.51895,-0.00000,-2.34662,-0.00000,494.82097,17.89748, 0.00000,-0.00000,24.30438,-0.00000, 0.44144,-0.00000, 3.58817, 0.46773,185.93337,1213.20102,2120.62145,-7.46069, 0.00000, 0.00000,
 5.00000,2405.74567, 0.00000,14570.82230,-0.00000, 0.04644,-0.00000,493.50872,19.28329, 0.00000,-0.00000,23.50746,-0.00000, 0.46839,-0.00000, 3.78417, 0.46646,185.04867,1214.01683,2120.62145,-7.45283, 0.00000, 0.00000,
 5.10000,2452.40857, 0.00000,14555.02540,-0.00000, 2.28503,-0.00000,491.70800,20.44136,-0.00000,-0.00000,20.77340,-0.00000, 0.47843, 0.00000, 3.98731, 0.46473,183.79483,1214.78908,2120.62145,-3.23898, 0.00000, 0.00000,
 5.20000,2499.17445, 0.00000,14540.19013,-0.00000, 4.16136,-0.00000,489.50964,21.20333,-0.00000,-0.00000,16.71307,-0.00000, 0.47009, 0.00000, 4.02259, 0.46263,182.24269,1215.51469,2120.62145,-2.56393, 0.00000, 0.00000,
 5.30000,2545.99818, 0.00000,14526.33279,-0.00000, 5.63020,-0.00000,487.11072,21.56169,-0.00000,-0.00000,12.70418,-0.00000, 0.46155, 0.00000, 3.98157, 0.46034,180.54193,1216.19277,2120.62145,-2.47438, 0.00000, 0.00000,
 5.40000,2592.84495, 0.00000,14513.44170,-0.00000, 6.71271,-0.00000,484.66987,21.55658,-0.00000,-0.00000, 9.00662,-0.00000, 0.45319, 0.00000, 3.88890, 0.45801,178.81182,1216.82385,2120.62145,-2.46250, 0.00000, 0.00000,
 5.50000,2639.69115, 0.00000,14501.48752,-0.00000, 7.44459,-0.00000,482.31439,21.23731,-0.00000,-0.00000, 5.69986,-0.00000, 0.44507, 0.00000, 3.75797, 0.45576,177.14662,1217.40930,2120.62145,-2.46093, 0.00000, 0.00000,
 5.60000,2686.52340, 0.00000,14490.42832,-0.00000, 7.86693,-0.00000,480.14139,20.65539,-0.00000, 0.00000, 2.81965,-0.00000, 0.43725, 0.00000, 3.59965, 0.45369,175.61692,1217.95112,2120.62145,-2.46072, 0.00000, 0.00000,
 5.70000,2733.33706, 0.00000,14480.21341,-0.00000, 8.02322,-0.00000,478.21855,19.86226, 0.00000, 0.00000, 0.37995,-0.00000, 0.42755,-0.00000, 3.42090, 0.45185,174.27082,1218.45174,2120.62145,-2.46069, 0.00000, 0.00000,
 5.80000,2780.13331, 0.00000,14470.78499,-0.00000, 7.95772,-0.00000,476.56889,18.91258, 0.00000,-0.00000,-1.61571,-0.00000, 0.40514,-0.00000, 3.21812, 0.45028,173.12344,1218.91397,2120.62145,-2.46069, 0.00000, 0.00000,
 5.90000,2826.91555, 0.00000,14462.07816,-0.00000, 7.71481,-0.00000,475.19695,17.85770, 0.00000,-0.00000,-3.16987,-0.00000, 0.38198,-0.00000, 3.00986, 0.44896,172.17667,1219.34095,2120.62145,-2.46069, 0.00000, 0.00000,
 6.00000,2873.68970, 0.00000,14454.02576,-0.00000, 7.33797,-0.00000,474.09851,16.74327, 0.00000,-0.00000,-4.29776,-0.00000, 0.35885,-0.00000, 2.80297, 0.44791,171.42632,1219.73594,2120.62145,-2.46069, 0.00000, 0.00000,
 6.10000,2920.46321, 0.00000,14446.56098,-0.00000, 6.86858,-0.00000,473.25621,15.61052, 0.00000,-0.00000,-5.02612,-0.00000, 0.33639,-0.00000, 2.60315, 0.44710,170.85904,1220.10220,2120.62145,-2.46069, 0.00000, 0.00000,
 6.20000,2967.24392, 0.00000,14439.61922,-0.00000, 6.34431,-0.00000,472.63972,14.49517, 0.00000,-0.00000,-5.42709,-0.00000, 0.30855,-0.00000, 2.41284, 0.44651,170.45252,1220.44288,2120.62145,-2.46069, 0.00000, 0.00000,
 6.30000,3014.03734, 0.00000,14433.13841,-0.00000, 5.78381,-0.00000,472.18965,13.41504, 0.00000,-0.00000,-5.78442,-0.00000, 0.27429,-0.00000, 2.22934, 0.44607,170.16376,1220.76101,2120.62145,-2.46069, 0.00000, 0.00000,
 6.40000,3060.84623, 0.00000,14427.05857,-0.00000, 5.18715,-0.00000,471.87520,12.36833, 0.00000,-0.00000,-6.15007,-0.00000, 0.24131,-0.00000, 2.05281, 0.44576,169.97067,1221.05951,2120.62145,-2.46069, 0.00000, 0.00000,
 6.50000,3107.67268,-0.00000,14421.32194,-0.00000, 4.55355,-0.00000,471.67452,11.35226, 0.00000,-0.00000,-6.52313,-0.00000, 0.20946,-0.00000, 1.88233, 0.44556,169.85769,1221.34122,2120.62145,-2.46069, 0.00000, 0.00000,
 6.60000,3154.51818,-0.00000,14415.87277,-0.00000, 3.88230,-0.00000,471.56802,10.36428, 0.00000,-0.00000,-6.90286,-0.00000, 0.17860,-0.00000, 1.71712, 0.44545,169.81096,1221.60885,2120.62145,-2.46069, 0.00000, 0.00000,
 6.70000,3201.38370,-0.00000,14410.65715,-0.00000, 3.17364,-0.00000,471.54547, 9.40244, 0.00000,-0.00000,-7.24734,-0.00000, 0.15661,-0.00000, 1.55951, 0.44542,169.82340,1221.86507,2120.62145,-2.46069, 0.00000, 0.00000,
 6.80000,3248.27171,-0.00000,14405.62381,-0.00000, 2.43916,-0.00000,471.61778, 8.47421, 0.00000,-0.00000,-7.41186,-0.00000, 0.14028,-0.00000, 1.41199, 0.44548,169.90318,1222.11236,2120.62145,-2.46069, 0.00000, 0.00000,
 6.90000,3295.18541,-0.00000,14400.72483,-0.00000, 1.69695,-0.00000,471.77019, 7.59391, 0.00000,-0.00000,-7.40595,-0.00000, 0.12495,-0.00000, 1.27507, 0.44562,170.03999,1222.35310,2120.62145,-2.46069, 0.00000, 0.00000,
 7.00000,3342.12706,-0.00000,14395.91567,-0.00000, 0.96285,-0.00000,471.98645, 6.77311, 0.00000,-0.00000,-7.25360,-0.00000, 0.11076,-0.00000, 1.15000, 0.44581,170.22242,1222.58946,2120.62145,-2.46069, 0.00000, 0.00000,
 7.10000,3389.09806,-0.00000,14391.15567,-0.00000, 0.25034,-0.00000,472.25220, 6.02053, 0.00000,-0.00000,-6.97773,-0.00000, 0.09781,-0.00000, 1.03764, 0.44606,170.44043,1222.82344,2120.62145,-2.46069, 0.00000, 0.00000,
 7.20000,3436.09903,-0.00000,14386.40828,-0.00000,-0.42931,-0.00000,472.55537, 5.34233, 0.00000,-0.00000,-6.60002,-0.00000, 0.08617,-0.00000, 0.93854, 0.44634,170.68557,1223.05684,2120.62145,-2.46069, 0.00000, 0.00000,
 7.30000,3483.12996,-0.00000,14381.64127,-0.00000,-1.06699,-0.00000,472.88805, 4.74229, 0.00000,-0.00000,-6.14348,-0.00000, 0.07837,-0.00000, 0.85321, 0.44664,170.95236,1223.29123,2120.62145,-2.46069, 0.00000, 0.00000,
 7.40000,3530.19123,-0.00000,14376.82686,-0.00000,-1.65665,-0.00000,473.25532, 4.22092, 0.00000,-0.00000,-5.64441,-0.00000, 0.07443,-0.00000, 0.78108, 0.44698,171.24470,1223.52800,2120.62145,-2.46069, 0.00000, 0.00000,
 7.50000,3577.28368,-0.00000,14371.94155,-0.00000,-2.19503,-0.00000,473.65247, 3.77648, 0.00000,-0.00000,-5.12017,-0.00000, 0.07106,-0.00000, 0.72116, 0.44735,171.55936,1223.76828,2120.62145,-2.46069, 0.00000, 0.00000,
 7.60000,3624.40783,-0.00000,14366.96580,-0.00000,-2.68024,-0.00000,474.07369, 3.40619, 0.00000,-0.00000,-4.58271,-0.00000, 0.06824,-0.00000, 0.67287, 0.44774,171.89232,1224.01306,2120.62145,-2.46069, 0.00000, 0.00000,
 7.70000,3671.56404,-0.00000,14361.88382,-0.00000,-3.11149,-0.00000,474.51460, 3.10638, 0.00000,-0.00000,-4.04265,-0.00000, 0.06596,-0.00000, 0.63551, 0.44814,172.24054,1224.26310,2120.62145,-2.46069, 0.00000, 0.00000,
 7.80000,3718.75253,-0.00000,14356.68340,-0.00000,-3.48900,-0.00000,474.97191, 2.87267, 0.00000,-0.00000,-3.50933,-0.00000, 0.06418,-0.00000, 0.60834, 0.44857,172.60174,1224.51901,2120.62145,-2.46069, 0.00000, 0.00000,
 7.90000,3765.97356,-0.00000,14351.35560,-0.00000,-3.81385,-0.00000,475.44317, 2.70014, 0.00000,-0.00000,-2.99075,-0.00000, 0.06288,-0.00000, 0.59051, 0.44900,172.97425,1224.78124,2120.62145,-2.46069, 0.00000, 0.00000,
 8.00000,3813.22741,-0.00000,14345.89451,-0.00000,-4.08787,-0.00000,475.92649, 2.58345, 0.00000,-0.00000,-2.49366,-0.00000, 0.06201,-0.00000, 0.58114, 0.44945,173.35675,1225.05007,2120.62145,-2.46069, 0.00000, 0.00000,
 8.10000,3860.51451,-0.00000,14340.29696,-0.00000,-4.31348,-0.00000,476.42034, 2.51704, 0.00000,-0.00000,-2.02360,-0.00000, 0.06156,-0.00000, 0.57934, 0.44990,173.74819,1225.32567,2120.62145,-2.46069, 0.00000, 0.00000,
 8.20000,3907.83538,-0.00000,14334.56223,-0.00000,-4.49363,-0.00000,476.92338, 2.49520, 0.00000,-0.00000,-1.58493,-0.00000, 0.06146,-0.00000, 0.58418, 0.45037,174.14762,1225.60808,2120.62145,-2.46069, 0.00000, 0.00000,
 8.30000,3955.19071,-0.00000,14328.69174,-0.00000,-4.63163,-0.00000,477.43436, 2.51222, 0.00000,-0.00000,-1.18096,-0.00000, 0.06169,-0.00000, 0.59476, 0.45084,174.55414,1225.89722,2120.62145,-2.46069, 0.00000, 0.00000,
 8.40000,4002.58128,-0.00000,14322.68878,-0.00000,-4.73106,-0.00000,477.95203, 2.56245, 0.00000,-0.00000,-0.81394,-0.00000, 0.06220,-0.00000, 0.61016, 0.45132,174.96686,1226.19295,2120.62145,-2.46069, 0.00000, 0.00000,
 8.50000,4050.00799,-0.00000,14316.55817,-0.00000,-4.79569,-0.00000,478.47512, 2.64044, 0.00000,-0.00000,-0.48523,-0.00000, 0.06294,-0.00000, 0.62954, 0.45180,175.38485,1226.49502,2120.62145,-2.46069, 0.00000, 0.00000,
 8.60000,4097.47182,-0.00000,14310.30606,-0.00000,-4.82940,-0.00000,479.00231, 2.74097, 0.00000,-0.00000,-0.19536,-0.00000, 0.06387,-0.00000, 0.65206, 0.45229,175.80711,1226.80315,2120.62145,-2.46069, 0.00000, 0.00000,
 8.70000,4144.97378,-0.00000,14303.93958,-0.00000,-4.83605,-0.00000,479.53228, 2.85911, 0.00000,-0.00000, 0.05588,-0.00000, 0.06495,-0.00000, 0.67695, 0.45278,176.23265,1227.11697,2120.62145,-2.46069, 0.00000, 0.00000,
 8.80000,4192.51494,-0.00000,14297.46668,-0.00000,-4.81948,-0.00000,480.06366, 2.99030, 0.00000,-0.00000, 0.26937,-0.00000, 0.06615,-0.00000, 0.70349, 0.45327,176.66044,1227.43610,2120.62145,-2.46069, 0.00000, 0.00000,
 8.90000,4240.09631,-0.00000,14290.89582,-0.00000,-4.78339,-0.00000,480.59514, 3.13034, 0.00000,-0.00000, 0.44650,-0.00000, 0.06741,-0.00000, 0.73102, 0.45376,177.08947,1227.76014,2120.62145,-2.46069, 0.00000, 0.00000,
 9.00000,4287.71890,-0.00000,14284.23579,-0.00000,-4.73133,-0.00000,481.12548, 3.27546, 0.00000,-0.00000, 0.58913,-0.00000, 0.06872, 0.00000, 0.75896, 0.45425,177.51877,1228.08864,2120.62145,-2.46069, 0.00000, 0.00000,
 9.10000,4335.38366,-0.00000,14277.49556,-0.00000,-4.66664,-0.00000,481.65353, 3.42230, 0.00000,-0.00000, 0.69949,-0.00000, 0.07004, 0.00000, 0.78678, 0.45474,177.94744,1228.42117,2120.62145,-2.46069, 0.00000, 0.00000,
 9.20000,4383.09147,-0.00000,14270.68404,-0.00000,-4.59243,-0.00000,482.17826, 3.56792, 0.00000,-0.00000, 0.78007,-0.00000, 0.07134, 0.00000, 0.81404, 0.45522,178.37468,1228.75729,2120.62145,-2.46069, 0.00000, 0.00000,
 9.30000,4430.84313,-0.00000,14263.80999,-0.00000,-4.51153,-0.00000,482.69882, 3.70980, 0.00000,-0.00000, 0.83357,-0.00000, 0.07260,-0.00000, 0.84035, 0.45570,178.79979,1229.09657,2120.62145,-2.46069, 0.00000, 0.00000,
 9.40000,4478.63932,-0.00000,14256.88186,-0.00000,-4.42652,-0.00000,483.21450, 3.84584, 0.00000,-0.00000, 0.86281,-0.00000, 0.07380,-0.00000, 0.86539, 0.45617,179.22219,1229.43859,2120.62145,-2.46069, 0.00000, 0.00000,
 9.50000,4526.48067,-0.00000,14249.90772,-0.00000,-4.33968,-0.00000,483.72480, 3.97433, 0.00000,-0.00000, 0.87069,-0.00000, 0.07492,-0.00000, 0.88892, 0.45664,179.64145,1229.78297,2120.62145,-2.46069, 0.00000, 0.00000,
 9.60000,4574.36769,-0.00000,14242.89515,-0.00000,-4.25300,-0.00000,484.22937, 4.09392, 0.00000,-0.00000, 0.86007,-0.00000, 0.07596,-0.00000, 0.91073, 0.45711,180.05724,1230.12932,2120.62145,-2.46069, 0.00000, 0.00000,
 9.70000,4622.30081,-0.00000,14235.85120,-0.00000,-4.16819,-0.00000,484.72802, 4.20361, 0.00000,-0.00000, 0.83379,-0.00000, 0.07690,-0.00000, 0.93070, 0.45756,180.46938,1230.47730,2120.62145,-2.46069, 0.00000, 0.00000,
 9.80000,4670.28036,-0.00000,14228.78230,-0.00000,-4.08667,-0.00000,485.22075, 4.30272, 0.00000,-0.00000, 0.79457,-0.00000, 0.07773,-0.00000, 0.94875, 0.45802,180.87781,1230.82659,2120.62145,-2.46069, 0.00000, 0.00000,
 9.90000,4718.30660,-0.00000,14221.69431,-0.00000,-4.00962,-0.00000,485.70767, 4.39085, 0.00000,-0.00000, 0.74502,-0.00000, 0.07846,-0.00000, 0.96483, 0.45846,181.28256,1231.17691,2120.62145,-2.46069, 0.00000, 0.00000,
10.00000,4766.37972,-0.00000,14214.59241,-0.00000,-3.93793,-0.00000,486.18902, 4.46786, 0.00000,-0.00000, 0.68756,-0.00000, 0.07909,-0.00000, 0.97894, 0.45890,181.68377,1231.52799,2120.62145,-2.46069, 0.00000, 0.00000,
10.10000,4814.49986,-0.00000,14207.48121,-0.00000,-3.87230,-0.00000,486.66513, 4.53383, 0.00000,-0.00000, 0.62444,-0.00000, 0.07961,-0.00000, 0.99113, 0.45934,182.08164,1231.87962,2120.62145,-2.46069, 0.00000, 0.00000,
10.20000,4862.66709,-0.00000,14200.36464,-0.00000,-3.81317,-0.00000,487.13640, 4.58903, 0.00000,-0.00000, 0.55770,-0.00000, 0.08003,-0.00000, 1.00147, 0.45977,182.47644,1232.23159,2120.62145,-2.46069, 0.00000, 0.00000,
10.30000,4910.88143,-0.00000,14193.24607,-0.00000,-3.76081,-0.00000,487.60329, 4.63388, 0.00000,-0.00000, 0.48918,-0.00000, 0.08035,-0.00000, 1.01005, 0.46020,182.86847,1232.58374,2120.62145,-2.46069, 0.00000, 0.00000,
10.40000,4959.14289,-0.00000,14186.12829,-0.00000,-3.71534,-0.00000,488.06628, 4.66895, 0.00000,-0.00000, 0.42049,-0.00000, 0.08059,-0.00000, 1.01698, 0.46063,183.25808,1232.93593,2120.62145,-2.46069, 0.00000, 0.00000,
10.50000,5007.45142,-0.00000,14179.01357,-0.00000,-3.67668,-0.00000,488.52589, 4.69491, 0.00000,-0.00000, 0.35303,-0.00000, 0.08074,-0.00000, 1.02239, 0.46105,183.64562,1233.28805,2120.62145,-2.46069, 0.00000, 0.00000,
10.60000,5055.80696,-0.00000,14171.90368,-0.00000,-3.64465,-0.00000,488.98260, 4.71248, 0.00000,-0.00000, 0.28798,-0.00000, 0.08081,-0.00000, 1.02642, 0.46146,184.03145,1233.64001,2120.62145,-2.46069, 0.00000, 0.00000,
10.70000,5104.20945,-0.00000,14164.79993,-0.00000,-3.61897,-0.00000,489.43691, 4.72246, 0.00000,-0.00000, 0.22631,-0.00000, 0.08081,-0.00000, 1.02921, 0.46188,184.41590,1233.99176,2120.62145,-2.46069, 0.00000, 0.00000,
10.80000,5152.65878,-0.00000,14157.70325,-0.00000,-3.59925,-0.00000,489.88925, 4.72566, 0.00000,-0.00000, 0.16881,-0.00000, 0.08075,-0.00000, 1.03092, 0.46229,184.79933,1234.34323,2120.62145,-2.46069, 0.00000, 0.00000,
10.90000,5201.15486,-0.00000,14150.61421,-0.00000,-3.58505,-0.00000,490.34007, 4.72293, 0.00000,-0.00000, 0.11607,-0.00000, 0.08065,-0.00000, 1.03168, 0.46271,185.18203,1234.69440,2120.62145,-2.46069, 0.00000, 0.00000,
11.00000,5249.69760,-0.00000,14143.53306,-0.00000,-3.57586,-0.00000,490.78973, 4.71508, 0.00000,-0.00000, 0.06852,-0.00000, 0.08049,-0.00000, 1.03165, 0.46312,185.56428,1235.04526,2120.62145,-2.46069, 0.00000, 0.00000,
11.10000,5298.28689,-0.00000,14136.45982,-0.00000,-3.57116,-0.00000,491.23857, 4.70292, 0.00000,-0.00000, 0.02643,-0.00000, 0.08030,-0.00000, 1.03096, 0.46353,185.94634,1235.39581,2120.62145,-2.46069, 0.00000, 0.00000,
11.20000,5346.92262,-0.00000,14129.39427,-0.00000,-3.57039,-0.00000,491.68688, 4.68723, 0.00000,-0.00000,-0.01006,-0.00000, 0.08008,-0.00000, 1.02975, 0.46394,186.32843,1235.74606,2120.62145,-2.46069, 0.00000, 0.00000,
11.30000,5395.60470,-0.00000,14122.33603,-0.00000,-3.57299,-0.00000,492.13491, 4.66874, 0.00000,-0.00000,-0.04096,-0.00000, 0.07983,-0.00000, 1.02814, 0.46435,186.71074,1236.09603,2120.62145,-2.46069, 0.00000, 0.00000,
11.40000,5444.33303,-0.00000,14115.28460,-0.00000,-3.57840,-0.00000,492.58286, 4.64813, 0.00000,-0.00000,-0.06634,-0.00000, 0.07957,-0.00000, 1.02624, 0.46476,187.09341,1236.44574,2120.62145,-2.46069, 0.00000, 0.00000,
11.50000,5493.10751,-0.00000,14108.23936,-0.00000,-3.58608,-0.00000,493.03088, 4.62603, 0.00000,-0.00000,-0.08640,-0.00000, 0.07929,-0.00000, 1.02417, 0.46517,187.47657,1236.79522,2120.62145,-2.46069, 0.00000, 0.00000,
11.60000,5541.92807,-0.00000,14101.19965,-0.00000,-3.59551,-0.00000,493.47909, 4.60301, 0.00000,-0.00000,-0.10140,-0.00000, 0.07901,-0.00000, 1.02200, 0.46558,187.86031,1237.14451,2120.62145,-2.46069, 0.00000, 0.00000,
11.70000,5590.79463,-0.00000,14094.16478,-0.00000,-3.60620,-0.00000,493.92756, 4.57956, 0.00000,-0.00000,-0.11164,-0.00000, 0.07873,-0.00000, 1.01984, 0.46599,188.24469,1237.49364,2120.62145,-2.46069, 0.00000, 0.00000,
11.80000,5639.70710,-0.00000,14087.13405,-0.00000,-3.61769,-0.00000,494.37634, 4.55614, 0.00000,-0.00000,-0.11749,-0.00000, 0.07845,-0.00000, 1.01774, 0.46640,188.62976,1237.84264,2120.62145,-2.46069, 0.00000, 0.00000,
11.90000,5688.66543,-0.00000,14080.10679,-0.00000,-3.62956,-0.00000,494.82545, 4.53313, 0.00000,-0.00000,-0.11935,-0.00000, 0.07818,-0.00000, 1.01576, 0.46681,189.01553,1238.19155,2120.62145,-2.46069, 0.00000, 0.00000,
12.00000,5737.66954,-0.00000,14073.08235,-0.00000,-3.64144,-0.00000,495.27487, 4.51084, 0.00000,-0.00000,-0.11763,-0.00000, 0.07791,-0.00000, 1.01397, 0.46722,189.40200,1238.54039,2120.62145,-2.46069, 0.00000, 0.00000,
12.10000,5786.71940,-0.00000,14066.06017,-0.00000,-3.65298,-0.00000,495.72457, 4.48953, 0.00000,-0.00000,-0.11276,-0.00000, 0.07766,-0.00000, 1.01239, 0.46763,189.78915,1238.88921,2120.62145,-2.46069, 0.00000, 0.00000,
12.20000,5835.81495,-0.00000,14059.03972,-0.00000,-3.66390,-0.00000,496.17449, 4.46942, 0.00000,-0.00000,-0.10515,-0.00000, 0.07742,-0.00000, 1.01105, 0.46805,190.17693,1239.23801,2120.62145,-2.46069, 0.00000, 0.00000,
12.30000,5884.95613,-0.00000,14052.02058,-0.00000,-3.67394,-0.00000,496.62458, 4.45066, 0.00000,-0.00000,-0.09523,-0.00000, 0.07719,-0.00000, 1.00998, 0.46846,190.56530,1239.58683,2120.62145,-2.46069, 0.00000, 0.00000,
12.40000,5934.14293,-0.00000,14045.00239,-0.00000,-3.68288,-0.00000,497.07473, 4.43336, 0.00000,-0.00000,-0.08341,-0.00000, 0.07697,-0.00000, 1.00919, 0.46887,190.95420,1239.93568,2120.62145,-2.46069, 0.00000, 0.00000,
12.50000,5983.37530,-0.00000,14037.98491,-0.00000,-3.69057,-0.00000,497.52488, 4.41758, 0.00000,-0.00000,-0.07005,-0.00000, 0.07678,-0.00000, 1.00869, 0.46928,191.34356,1240.28458,2120.62145,-2.46069, 0.00000, 0.00000,
12.60000,6032.65321,-0.00000,14030.96797,-0.00000,-3.69686,-0.00000,497.97490, 4.40335, 0.00000,-0.00000,-0.05553,-0.00000, 0.07659,-0.00000, 1.00847, 0.46969,191.73330,1240.63353,2120.62145,-2.46069, 0.00000, 0.00000,
12.70000,6081.97663,-0.00000,14023.95150,-0.00000,-3.70165,-0.00000,498.42470, 4.39066, 0.00000,-0.00000,-0.04018,-0.00000, 0.07642,-0.00000, 1.00853, 0.47010,192.12335,1240.98253,2120.62145,-2.46069, 0.00000, 0.00000,
12.80000,6131.34553,-0.00000,14016.93552,-0.00000,-3.70487,-0.00000,498.87418, 4.37948, 0.00000,-0.00000,-0.02430,-0.00000, 0.07627,-0.00000, 1.00887, 0.47051,192.51362,1241.33159,2120.62145,-2.46069, 0.00000, 0.00000,
12.90000,6180.75990,-0.00000,14009.92013,-0.00000,-3.70650,-0.00000,499.32321, 4.36975, 0.00000,-0.00000,-0.00815,-0.00000, 0.07613,-0.00000, 1.00946, 0.47093,192.90403,1241.68070,2120.62145,-2.46069, 0.00000, 0.00000,
13.00000,6230.21971,-0.00000,14002.90553,-0.00000,-3.70650,-0.00000,499.77171, 4.36140, 0.00000,-0.00000, 0.00802,-0.00000, 0.07600,-0.00000, 1.01029, 0.47134,193.29448,1242.02985,2120.62145,-2.46069, 0.00000, 0.00000,
13.10000,6279.72493,-0.00000,13995.89198,-0.00000,-3.70490,-0.00000,500.21955, 4.35433, 0.00000,-0.00000, 0.02402,-0.00000, 0.07589,-0.00000, 1.01134, 0.47174,193.68490,1242.37902,2120.62145,-2.46069, 0.00000, 0.00000,
13.20000,6329.27554,-0.00000,13988.87983,-0.00000,-3.70171,-0.00000,500.66663, 4.34844, 0.00000,-0.00000, 0.03965,-0.00000, 0.07579,-0.00000, 1.01259, 0.47215,194.07520,1242.72821,2120.62145,-2.46069, 0.00000, 0.00000,
13.30000,6378.87152,-0.00000,13981.86948,-0.00000,-3.69698,-0.00000,501.11286, 4.34361, 0.00000,-0.00000, 0.05479,-0.00000, 0.07569,-0.00000, 1.01402, 0.47256,194.46530,1243.07738,2120.62145,-2.46069, 0.00000, 0.00000,
13.40000,6428.51284,-0.00000,13974.86140,-0.00000,-3.69077,-0.00000,501.55814, 4.33973, 0.00000,-0.00000, 0.06933,-0.00000, 0.07561,-0.00000, 1.01561, 0.47297,194.85512,1243.42652,2120.62145,-2.46069, 0.00000, 0.00000,
13.50000,6478.19947,-0.00000,13967.85610,-0.00000,-3.68314,-0.00000,502.00238, 4.33669, 0.00000,-0.00000, 0.08316,-0.00000, 0.07553,-0.00000, 1.01733, 0.47337,195.24459,1243.77560,2120.62145,-2.46069, 0.00000, 0.00000,
13.60000,6527.93137,-0.00000,13960.85413,-0.00000,-3.67417,-0.00000,502.44549, 4.33436, 0.00000,-0.00000, 0.09624,-0.00000, 0.07546,-0.00000, 1.01916, 0.47378,195.63362,1244.12459,2120.62145,-2.46069, 0.00000, 0.00000,
13.70000,6577.70852,-0.00000,13953.85611,-0.00000,-3.66392,-0.00000,502.88740, 4.33264, 0.00000,-0.00000, 0.10852,-0.00000, 0.07540,-0.00000, 1.02108, 0.47418,196.02216,1244.47347,2120.62145,-2.46069, 0.00000, 0.00000,
13.80000,6627.53087,-0.00000,13946.86265,-0.00000,-3.65249,-0.00000,503.32803, 4.33141, 0.00000,-0.00000, 0.11999,-0.00000, 0.07534,-0.00000, 1.02308, 0.47459,196.41014,1244.82219,2120.62145,-2.46069, 0.00000, 0.00000,
13.90000,6677.39837,-0.00000,13939.87440,-0.00000,-3.63995,-0.00000,503.76732, 4.33057, 0.00000,-0.00000, 0.13065,-0.00000, 0.07528,-0.00000, 1.02513, 0.47499,196.79750,1245.17074,2120.62145,-2.46069, 0.00000, 0.00000,
14.00000,6727.31099,-0.00000,13932.89204,-0.00000,-3.62638,-0.00000,504.20520, 4.33003, 0.00000,-0.00000, 0.14051,-0.00000, 0.07523,-0.00000, 1.02722, 0.47539,197.18419,1245.51907,2120.62145,-2.46069, 0.00000, 0.00000,
14.10000,6777.26866,-0.00000,13925.91625,-0.00000,-3.61187,-0.00000,504.64162, 4.32969, 0.00000,-0.00000, 0.14961,-0.00000, 0.07517,-0.00000, 1.02932, 0.47579,197.57015,1245.86715,2120.62145,-2.46069, 0.00000, 0.00000,
14.20000,6827.27134,-0.00000,13918.94770,-0.00000,-3.59649,-0.00000,505.07653, 4.32949, 0.00000,-0.00000, 0.15797,-0.00000, 0.07512,-0.00000, 1.03144, 0.47618,197.95533,1246.21495,2120.62145,-2.46069, 0.00000, 0.00000,
14.30000,6877.31895,-0.00000,13911.98710,-0.00000,-3.58030,-0.00000,505.50989, 4.32935, 0.00000,-0.00000, 0.16565,-0.00000, 0.07507,-0.00000, 1.03355, 0.47658,198.33970,1246.56243,2120.62145,-2.46069, 0.00000, 0.00000,
14.40000,6927.41144,-0.00000,13905.03514,-0.00000,-3.56338,-0.00000,505.94165, 4.32921, 0.00000,-0.00000, 0.17271,-0.00000, 0.07502,-0.00000, 1.03564, 0.47697,198.72321,1246.90955,2120.62145,-2.46069, 0.00000, 0.00000,
14.50000,6977.54872,-0.00000,13898.09251,-0.00000,-3.54578,-0.00000,506.37177, 4.32903, 0.00000,-0.00000, 0.17919,-0.00000, 0.07497,-0.00000, 1.03772, 0.47737,199.10583,1247.25629,2120.62145,-2.46069, 0.00000, 0.00000,
14.60000,7027.73073,-0.00000,13891.15987,-0.00000,-3.52756,-0.00000,506.80023, 4.32875, 0.00000,-0.00000, 0.18517,-0.00000, 0.07491,-0.00000, 1.03976, 0.47776,199.48751,1247.60260,2120.62145,-2.46069, 0.00000, 0.00000,
14.70000,7077.95737,-0.00000,13884.23791,-0.00000,-3.50876,-0.00000,507.22700, 4.32835, 0.00000,-0.00000, 0.19070,-0.00000, 0.07486,-0.00000, 1.04176, 0.47815,199.86824,1247.94846,2120.62145,-2.46069, 0.00000, 0.00000,
14.80000,7128.22857,-0.00000,13877.32728,-0.00000,-3.48943,-0.00000,507.65205, 4.32779, 0.00000,-0.00000, 0.19584,-0.00000, 0.07480,-0.00000, 1.04373, 0.47853,200.24798,1248.29383,2120.62145,-2.46069, 0.00000, 0.00000,
14.90000,7178.54423,-0.00000,13870.42863,-0.00000,-3.46960,-0.00000,508.07535, 4.32707, 0.00000,-0.00000, 0.20065,-0.00000, 0.07474,-0.00000, 1.04565, 0.47892,200.62670,1248.63868,2120.62145,-2.46069, 0.00000, 0.00000,
15.00000,7228.90425,-0.00000,13863.54260,-0.00000,-3.44931,-0.00000,508.49689, 4.32616, 0.00000,-0.00000, 0.20519,-0.00000, 0.07468,-0.00000, 1.04752, 0.47930,201.00438,1248.98298,2120.62145,-2.46069, 0.00000, 0.00000,
15.10000,7279.30854,-0.00000,13856.66980,-0.00000,-3.42857,-0.00000,508.91664, 4.32506, 0.00000,-0.00000, 0.20951,-0.00000, 0.07462,-0.00000, 1.04936, 0.47969,201.38099,1249.32669,2120.62145,-2.46069, 0.00000, 0.00000,
15.20000,7329.75698,-0.00000,13849.81083,-0.00000,-3.40741,-0.00000,509.33459, 4.32377, 0.00000,-0.00000, 0.21367,-0.00000, 0.07456,-0.00000, 1.05114, 0.48007,201.75651,1249.66978,2120.62145,-2.46069, 0.00000, 0.00000,
15.30000,7380.24946,-0.00000,13842.96630,-0.00000,-3.38584,-0.00000,509.75072, 4.32229, 0.00000,-0.00000, 0.21770,-0.00000, 0.07449,-0.00000, 1.05288, 0.48045,202.13092,1250.01223,2120.62145,-2.46069, 0.00000, 0.00000,
15.40000,7430.78588,-0.00000,13836.13677,-0.00000,-3.36388,-0.00000,510.16501, 4.32063, 0.00000,-0.00000, 0.22165,-0.00000, 0.07442,-0.00000, 1.05458, 0.48082,202.50419,1250.35400,2120.62145,-2.46069, 0.00000, 0.00000,
15.50000,7481.36610,-0.00000,13829.32281,-0.00000,-3.34151,-0.00000,510.57744, 4.31880, 0.00000,-0.00000, 0.22556,-0.00000, 0.07435,-0.00000, 1.05625, 0.48120,202.87631,1250.69506,2120.62145,-2.46069, 0.00000, 0.00000,
15.60000,7531.99002,-0.00000,13822.52498,-0.00000,-3.31876,-0.00000,510.98800, 4.31681, 0.00000,-0.00000, 0.22945,-0.00000, 0.07428,-0.00000, 1.05787, 0.48158,203.24725,1251.03540,2120.62145,-2.46069, 0.00000, 0.00000,
15.70000,7582.65750,-0.00000,13815.74381,-0.00000,-3.29562,-0.00000,511.39668, 4.31468, 0.00000,-0.00000, 0.23335,-0.00000, 0.07421,-0.00000, 1.05946, 0.48195,203.61699,1251.37497,2120.62145,-2.46069, 0.00000, 0.00000,
15.80000,7633.36841,-0.00000,13808.97983,-0.00000,-3.27209,-0.00000,511.80344, 4.31241, 0.00000,-0.00000, 0.23729,-0.00000, 0.07413,-0.00000, 1.06101, 0.48232,203.98550,1251.71376,2120.62145,-2.46069, 0.00000, 0.00000,
15.90000,7684.12261,-0.00000,13802.23357,-0.00000,-3.24816,-0.00000,512.20829, 4.31003, 0.00000,-0.00000, 0.24128,-0.00000, 0.07406,-0.00000, 1.06254, 0.48269,204.35277,1252.05173,2120.62145,-2.46069, 0.00000, 0.00000,
16.00000,7734.91998,-0.00000,13795.50552,-0.00000,-3.22383,-0.00000,512.61119, 4.30756, 0.00000,-0.00000, 0.24533,-0.00000, 0.07398,-0.00000, 1.06405, 0.48305,204.71877,1252.38887,2120.62145,-2.46069, 0.00000, 0.00000,
16.10000,7785.76037,-0.00000,13788.79621,-0.00000,-3.19910,-0.00000,513.01213, 4.30500, 0.00000,-0.00000, 0.24946,-0.00000, 0.07391,-0.00000, 1.06553, 0.48342,205.08348,1252.72514,2120.62145,-2.46069, 0.00000, 0.00000,
16.20000,7836.64362,-0.00000,13782.10611,-0.00000,-3.17394,-0.00000,513.41109, 4.30238, 0.00000,-0.00000, 0.25367,-0.00000, 0.07383,-0.00000, 1.06699, 0.48378,205.44688,1253.06052,2120.62145,-2.46069, 0.00000, 0.00000,
16.30000,7887.56960,-0.00000,13775.43572,-0.00000,-3.14836,-0.00000,513.80805, 4.29971, 0.00000,-0.00000, 0.25796,-0.00000, 0.07375,-0.00000, 1.06843, 0.48414,205.80893,1253.39498,2120.62145,-2.46069, 0.00000, 0.00000,
16.40000,7938.53816,-0.00000,13768.78553,-0.00000,-3.12234,-0.00000,514.20300, 4.29701, 0.00000,-0.00000, 0.26233,-0.00000, 0.07367,-0.00000, 1.06986, 0.48450,206.16963,1253.72850,2120.62145,-2.46069, 0.00000, 0.00000,
16.50000,7989.54913,-0.00000,13762.15601,-0.00000,-3.09589,-0.00000,514.59590, 4.29429, 0.00000,-0.00000, 0.26678,-0.00000, 0.07360,-0.00000, 1.07128, 0.48486,206.52893,1254.06105,2120.62145,-2.46069, 0.00000, 0.00000,
16.60000,8040.60236,-0.00000,13755.54765,-0.00000,-3.06899,-0.00000,514.98674, 4.29155, 0.00000,-0.00000, 0.27131,-0.00000, 0.07352,-0.00000, 1.07270, 0.48522,206.88681,1254.39262,2120.62145,-2.46069, 0.00000, 0.00000,
16.70000,8091.69768,-0.00000,13748.96092,-0.00000,-3.04162,-0.00000,515.37549, 4.28882, 0.00000,-0.00000, 0.27591,-0.00000, 0.07344,-0.00000, 1.07410, 0.48557,207.24326,1254.72317,2120.62145,-2.46069, 0.00000, 0.00000,
16.80000,8142.83494,-0.00000,13742.39628,-0.00000,-3.01380,-0.00000,515.76213, 4.28611, 0.00000,-0.00000, 0.28058,-0.00000, 0.07336,-0.00000, 1.07550, 0.48592,207.59823,1255.05268,2120.62145,-2.46069, 0.00000, 0.00000,
16.90000,8194.01397,-0.00000,13735.85422,-0.00000,-2.98551,-0.00000,516.14664, 4.28341, 0.00000,-0.00000, 0.28530,-0.00000, 0.07329,-0.00000, 1.07689, 0.48627,207.95171,1255.38113,2120.62145,-2.46069, 0.00000, 0.00000,
17.00000,8245.23458,-0.00000,13729.33519,-0.00000,-2.95674,-0.00000,516.52900, 4.28074, 0.00000,-0.00000, 0.29006,-0.00000, 0.07321,-0.00000, 1.07828, 0.48662,208.30366,1255.70848,2120.62145,-2.46069, 0.00000, 0.00000,
17.10000,8296.49662,-0.00000,13722.83968,-0.00000,-2.92749,-0.00000,516.90917, 4.27811, 0.00000,-0.00000, 0.29487,-0.00000, 0.07314,-0.00000, 1.07967, 0.48697,208.65405,1256.03473,2120.62145,-2.46069, 0.00000, 0.00000,
17.20000,8347.79990,-0.00000,13716.36814,-0.00000,-2.89776,-0.00000,517.28714, 4.27551, 0.00000,-0.00000, 0.29970,-0.00000, 0.07306,-0.00000, 1.08106, 0.48731,209.00287,1256.35984,2120.62145,-2.46069, 0.00000, 0.00000,
17.30000,8399.14423,-0.00000,13709.92105,-0.00000,-2.86755,-0.00000,517.66289, 4.27296, 0.00000,-0.00000, 0.30456,-0.00000, 0.07299,-0.00000, 1.08244, 0.48765,209.35007,1256.68379,2120.62145,-2.46069, 0.00000, 0.00000,
17.40000,8450.52944,-0.00000,13703.49887,-0.00000,-2.83685,-0.00000,518.03637, 4.27046, 0.00000,-0.00000, 0.30943,-0.00000, 0.07291,-0.00000, 1.08383, 0.48799,209.69564,1257.00656,2120.62145,-2.46069, 0.00000, 0.00000,
17.50000,8501.95534,-0.00000,13697.10208,-0.00000,-2.80567,-0.00000,518.40758, 4.26800, 0.00000,-0.00000, 0.31430,-0.00000, 0.07284,-0.00000, 1.08521, 0.48833,210.03954,1257.32811,2120.62145,-2.46069, 0.00000, 0.00000,
17.60000,8553.42174,-0.00000,13690.73114,-0.00000,-2.77399,-0.00000,518.77649, 4.26559, 0.00000,-0.00000, 0.31916,-0.00000, 0.07277,-0.00000, 1.08659, 0.48866,210.38173,1257.64843,2120.62145,-2.46069, 0.00000, 0.00000,
17.70000,8604.92844,-0.00000,13684.38651,-0.00000,-2.74183,-0.00000,519.14306, 4.26322, 0.00000,-0.00000, 0.32401,-0.00000, 0.07269,-0.00000, 1.08797, 0.48900,210.72221,1257.96750,2120.62145,-2.46069, 0.00000, 0.00000,
17.80000,8656.47524,-0.00000,13678.06867,-0.00000,-2.70919,-0.00000,519.50729, 4.26091, 0.00000,-0.00000, 0.32885,-0.00000, 0.07262,-0.00000, 1.08936, 0.48933,211.06093,1258.28528,2120.62145,-2.46069, 0.00000, 0.00000,
17.90000,8708.06195,-0.00000,13671.77808,-0.00000,-2.67607,-0.00000,519.86913, 4.25864, 0.00000,-0.00000, 0.33366,-0.00000, 0.07255,-0.00000, 1.09073, 0.48966,211.39786,1258.60176,2120.62145,-2.46069, 0.00000, 0.00000,
18.00000,8759.68837,-0.00000,13665.51521,-0.00000,-2.64246,-0.00000,520.22858, 4.25642, 0.00000,-0.00000, 0.33844,-0.00000, 0.07248,-0.00000, 1.09211, 0.48998,211.73298,1258.91690,2120.62145,-2.46069, 0.00000, 0.00000,
18.10000,8811.35428,-0.00000,13659.28053,-0.00000,-2.60838,-0.00000,520.58560, 4.25424, 0.00000,-0.00000, 0.34318,-0.00000, 0.07241,-0.00000, 1.09348, 0.49031,212.06626,1259.23069,2120.62145,-2.46069, 0.00000, 0.00000,
18.20000,8863.05947,-0.00000,13653.07450,-0.00000,-2.57383,-0.00000,520.94017, 4.25210, 0.00000,-0.00000, 0.34789,-0.00000, 0.07234,-0.00000, 1.09485, 0.49063,212.39767,1259.54310,2120.62145,-2.46069, 0.00000, 0.00000,
18.30000,8914.80373,-0.00000,13646.89759,-0.00000,-2.53880,-0.00000,521.29226, 4.25001, 0.00000,-0.00000, 0.35255,-0.00000, 0.07228,-0.00000, 1.09622, 0.49095,212.72717,1259.85410,2120.62145,-2.46069, 0.00000, 0.00000,
18.40000,8966.58685,-0.00000,13640.75026,-0.00000,-2.50332,-0.00000,521.64186, 4.24795, 0.00000,-0.00000, 0.35718,-0.00000, 0.07221,-0.00000, 1.09758, 0.49127,213.05476,1260.16368,2120.62145,-2.46069, 0.00000, 0.00000,
18.50000,9018.40861,-0.00000,13634.63297,-0.00000,-2.46737,-0.00000,521.98895, 4.24592, 0.00000,-0.00000, 0.36175,-0.00000, 0.07214,-0.00000, 1.09894, 0.49158,213.38038,1260.47181,2120.62145,-2.46069, 0.00000, 0.00000,
18.60000,9070.26877,-0.00000,13628.54619,-0.00000,-2.43097,-0.00000,522.33349, 4.24393, 0.00000,-0.00000, 0.36628,-0.00000, 0.07208,-0.00000, 1.10029, 0.49190,213.70403,1260.77846,2120.62145,-2.46069, 0.00000, 0.00000,
18.70000,9122.16712,-0.00000,13622.49038,-0.00000,-2.39412,-0.00000,522.67547, 4.24197, 0.00000,-0.00000, 0.37076,-0.00000, 0.07201,-0.00000, 1.10164, 0.49221,214.02566,1261.08361,2120.62145,-2.46069, 0.00000, 0.00000,
18.80000,9174.10342,-0.00000,13616.46598,-0.00000,-2.35682,-0.00000,523.01486, 4.24003, 0.00000,-0.00000, 0.37519,-0.00000, 0.07195,-0.00000, 1.10297, 0.49251,214.34526,1261.38723,2120.62145,-2.46069, 0.00000, 0.00000,
18.90000,9226.07744,-0.00000,13610.47347,-0.00000,-2.31908,-0.00000,523.35165, 4.23813, 0.00000,-0.00000, 0.37958,-0.00000, 0.07188,-0.00000, 1.10431, 0.49282,214.66279,1261.68931,2120.62145,-2.46069, 0.00000, 0.00000,
19.00000,9278.08895,-0.00000,13604.51329,-0.00000,-2.28090,-0.00000,523.68580, 4.23625, 0.00000,-0.00000, 0.38391,-0.00000, 0.07182,-0.00000, 1.10563, 0.49312,214.97824,1261.98981,2120.62145,-2.46069, 0.00000, 0.00000,
19.10000,9330.13771,-0.00000,13598.58589,-0.00000,-2.24230,-0.00000,524.01731, 4.23439, 0.00000,-0.00000, 0.38820,-0.00000, 0.07175,-0.00000, 1.10694, 0.49342,215.29156,1262.28872,2120.62145,-2.46069, 0.00000, 0.00000,
19.20000,9382.22346,-0.00000,13592.69172,-0.00000,-2.20327,-0.00000,524.34615, 4.23255, 0.00000,-0.00000, 0.39244,-0.00000, 0.07169,-0.00000, 1.10825, 0.49372,215.60274,1262.58601,2120.62145,-2.46069, 0.00000, 0.00000,
19.30000,9434.34597,-0.00000,13586.83124,-0.00000,-2.16381,-0.00000,524.67231, 4.23073, 0.00000,-0.00000, 0.39663,-0.00000, 0.07163,-0.00000, 1.10955, 0.49402,215.91176,1262.88166,2120.62145,-2.46069, 0.00000, 0.00000,
19.40000,9486.50499,-0.00000,13581.00487,-0.00000,-2.12394,-0.00000,524.99575, 4.22893, 0.00000,-0.00000, 0.40077,-0.00000, 0.07156,-0.00000, 1.11084, 0.49431,216.21858,1263.17564,2120.62145,-2.46069, 0.00000, 0.00000,
19.50000,9538.70027,-0.00000,13575.21306,-0.00000,-2.08366,-0.00000,525.31646, 4.22715, 0.00000,-0.00000, 0.40488,-0.00000, 0.07150,-0.00000, 1.11212, 0.49460,216.52317,1263.46793,2120.62145,-2.46069, 0.00000, 0.00000,
19.60000,9590.93154,-0.00000,13569.45626,-0.00000,-2.04297,-0.00000,525.63443, 4.22539, 0.00000,-0.00000, 0.40894,-0.00000, 0.07144,-0.00000, 1.11339, 0.49489,216.82553,1263.75851,2120.62145,-2.46069, 0.00000, 0.00000,
19.70000,9643.19855,-0.00000,13563.73488,-0.00000,-2.00187,-0.00000,525.94963, 4.22365, 0.00000,-0.00000, 0.41295,-0.00000, 0.07138,-0.00000, 1.11465, 0.49518,217.12561,1264.04735,2120.62145,-2.46069, 0.00000, 0.00000,
19.80000,9695.50105,-0.00000,13558.04938,-0.00000,-1.96038,-0.00000,526.26204, 4.22192, 0.00000,-0.00000, 0.41693,-0.00000, 0.07132,-0.00000, 1.11590, 0.49546,217.42339,1264.33444,2120.62145,-2.46069, 0.00000, 0.00000,
19.90000,9747.83875,-0.00000,13552.40016,-0.00000,-1.91849,-0.00000,526.57165, 4.22021, 0.00000,-0.00000, 0.42086,-0.00000, 0.07126,-0.00000, 1.11714, 0.49574,217.71886,1264.61974,2120.62145,-2.46069, 0.00000, 0.00000,
20.00000,9800.21141,-0.00000,13546.78766,-0.00000,-1.87621,-0.00000,526.87844, 4.21851, 0.00000,-0.00000, 0.42476,-0.00000, 0.07120,-0.00000, 1.11836, 0.49602,218.01198,1264.90324,2120.62145,-2.46069, 0.00000, 0.00000,
20.10000,9852.61874,-0.00000,13541.21231,-0.00000,-1.83354,-0.00000,527.18238, 4.21683, 0.00000,-0.00000, 0.42861,-0.00000, 0.07114,-0.00000, 1.11958, 0.49629,218.30274,1265.18492,2120.62145,-2.46069, 0.00000, 0.00000,
20.20000,9905.06047,-0.00000,13535.67451,-0.00000,-1.79049,-0.00000,527.48347, 4.21517, 0.00000,-0.00000, 0.43243,-0.00000, 0.07108,-0.00000, 1.12079, 0.49657,218.59110,1265.46475,2120.62145,-2.46069, 0.00000, 0.00000,
20.30000,9957.53633,-0.00000,13530.17468,-0.00000,-1.74705,-0.00000,527.78169, 4.21352, 0.00000,-0.00000, 0.43621,-0.00000, 0.07102,-0.00000, 1.12199, 0.49684,218.87705,1265.74271,2120.62145,-2.46069, 0.00000, 0.00000,
20.40000,10010.04603,-0.00000,13524.71324,-0.00000,-1.70325,-0.00000,528.07701, 4.21189, 0.00000,-0.00000, 0.43996,-0.00000, 0.07097,-0.00000, 1.12318, 0.49710,219.16056,1266.01878,2120.62145,-2.46069, 0.00000, 0.00000,
20.50000,10062.58930,-0.00000,13519.29059,-0.00000,-1.65906,-0.00000,528.36942, 4.21028, 0.00000,-0.00000, 0.44367,-0.00000, 0.07091,-0.00000, 1.12435, 0.49737,219.44160,1266.29293,2120.62145,-2.46069, 0.00000, 0.00000,
20.60000,10115.16585,-0.00000,13513.90713,-0.00000,-1.61451,-0.00000,528.65891, 4.20868, 0.00000,-0.00000, 0.44734,-0.00000, 0.07085,-0.00000, 1.12552, 0.49763,219.72017,1266.56515,2120.62145,-2.46069, 0.00000, 0.00000,
20.70000,10167.77538,-0.00000,13508.56328,-0.00000,-1.56960,-0.00000,528.94545, 4.20710, 0.00000,-0.00000, 0.45098,-0.00000, 0.07080,-0.00000, 1.12668, 0.49789,219.99622,1266.83542,2120.62145,-2.46069, 0.00000, 0.00000,
20.80000,10220.41761,-0.00000,13503.25942,-0.00000,-1.52432,-0.00000,529.22904, 4.20554, 0.00000,-0.00000, 0.45458,-0.00000, 0.07074,-0.00000, 1.12782, 0.49815,220.26974,1267.10371,2120.62145,-2.46069, 0.00000, 0.00000,
20.90000,10273.09225,-0.00000,13497.99595,-0.00000,-1.47868,-0.00000,529.50965, 4.20399, 0.00000,-0.00000, 0.45815,-0.00000, 0.07068,-0.00000, 1.12895, 0.49840,220.54071,1267.37000,2120.62145,-2.46069, 0.00000, 0.00000,
21.00000,10325.79900,-0.00000,13492.77327,-0.00000,-1.43269,-0.00000,529.78726, 4.20246, 0.00000,-0.00000, 0.46169,-0.00000, 0.07063,-0.00000, 1.13008, 0.49865,220.80911,1267.63427,2120.62145,-2.46069, 0.00000, 0.00000,
21.10000,10378.53755,-0.00000,13487.59175,-0.00000,-1.38634,-0.00000,530.06188, 4.20095, 0.00000,-0.00000, 0.46519,-0.00000, 0.07058,-0.00000, 1.13119, 0.49890,221.07490,1267.89650,2120.62145,-2.46069, 0.00000, 0.00000,
21.20000,10431.30761,-0.00000,13482.45179,-0.00000,-1.33965,-0.00000,530.33347, 4.19946, 0.00000,-0.00000, 0.46865,-0.00000, 0.07052,-0.00000, 1.13229, 0.49915,221.33808,1268.15668,2120.62145,-2.46069, 0.00000, 0.00000,
21.30000,10484.10886,-0.00000,13477.35376,-0.00000,-1.29262,-0.00000,530.60202, 4.19799, 0.00000,-0.00000, 0.47208,-0.00000, 0.07047,-0.00000, 1.13338, 0.49939,221.59862,1268.41477,2120.62145,-2.46069, 0.00000, 0.00000,
21.40000,10536.94101,-0.00000,13472.29804,-0.00000,-1.24524,-0.00000,530.86752, 4.19654, 0.00000,-0.00000, 0.47547,-0.00000, 0.07042,-0.00000, 1.13446, 0.49963,221.85650,1268.67076,2120.62145,-2.46069, 0.00000, 0.00000,
21.50000,10589.80375,-0.00000,13467.28500,-0.00000,-1.19752,-0.00000,531.12995, 4.19511, 0.00000,-0.00000, 0.47883,-0.00000, 0.07036,-0.00000, 1.13553, 0.49987,222.11170,1268.92464,2120.62145,-2.46069, 0.00000, 0.00000,
21.60000,10642.69675,-0.00000,13462.31502,-0.00000,-1.14947,-0.00000,531.38930, 4.19369, 0.00000,-0.00000, 0.48215,-0.00000, 0.07031,-0.00000, 1.13659, 0.50010,222.36419,1269.17637,2120.62145,-2.46069, 0.00000, 0.00000,
21.70000,10695.61971,-0.00000,13457.38845,-0.00000,-1.10109,-0.00000,531.64556, 4.19230, 0.00000,-0.00000, 0.48544,-0.00000, 0.07026,-0.00000, 1.13763, 0.50033,222.61395,1269.42594,2120.62145,-2.46069, 0.00000, 0.00000,
21.80000,10748.57230,-0.00000,13452.50566,-0.00000,-1.05239,-0.00000,531.89870, 4.19093, 0.00000,-0.00000, 0.48869,-0.00000, 0.07021,-0.00000, 1.13867, 0.50056,222.86098,1269.67334,2120.62145,-2.46069, 0.00000, 0.00000,
21.90000,10801.55420,-0.00000,13447.66701,-0.00000,-1.00336,-0.00000,532.14872, 4.18957, 0.00000,-0.00000, 0.49191,-0.00000, 0.07016,-0.00000, 1.13969, 0.50079,223.10524,1269.91853,2120.62145,-2.46069, 0.00000, 0.00000,
22.00000,10854.56510,-0.00000,13442.87286,-0.00000,-0.95401,-0.00000,532.39560, 4.18824, 0.00000,-0.00000, 0.49508,-0.00000, 0.07011,-0.00000, 1.14071, 0.50101,223.34671,1270.16151,2120.62145,-2.46069, 0.00000, 0.00000,
22.10000,10907.60466,-0.00000,13438.12355,-0.00000,-0.90434,-0.00000,532.63933, 4.18693, 0.00000,-0.00000, 0.49822,-0.00000, 0.07006,-0.00000, 1.14171, 0.50123,223.58538,1270.40225,2120.62145,-2.46069, 0.00000, 0.00000,
22.20000,10960.67256,-0.00000,13433.41943,-0.00000,-0.85436,-0.00000,532.87990, 4.18563, 0.00000,-0.00000, 0.50133,-0.00000, 0.07002,-0.00000, 1.14270, 0.50145,223.82123,1270.64074,2120.62145,-2.46069, 0.00000, 0.00000,
22.30000,11013.76847,-0.00000,13428.76085,-0.00000,-0.80408,-0.00000,533.11729, 4.18436, 0.00000,-0.00000, 0.50439,-0.00000, 0.06997,-0.00000, 1.14368, 0.50166,224.05423,1270.87696,2120.62145,-2.46069, 0.00000, 0.00000,
22.40000,11066.89205,-0.00000,13424.14814,-0.00000,-0.75348,-0.00000,533.35148, 4.18311, 0.00000,-0.00000, 0.50742,-0.00000, 0.06992,-0.00000, 1.14465, 0.50187,224.28438,1271.11088,2120.62145,-2.46069, 0.00000, 0.00000,
22.50000,11120.04296,-0.00000,13419.58164,-0.00000,-0.70259,-0.00000,533.58248, 4.18187, 0.00000,-0.00000, 0.51041,-0.00000, 0.06988,-0.00000, 1.14560, 0.50208,224.51164,1271.34250,2120.62145,-2.46069, 0.00000, 0.00000,
22.60000,11173.22088,-0.00000,13415.06168,-0.00000,-0.65140,-0.00000,533.81026, 4.18066, 0.00000,-0.00000, 0.51336,-0.00000, 0.06983,-0.00000, 1.14655, 0.50229,224.73600,1271.57179,2120.62145,-2.46069, 0.00000, 0.00000,
22.70000,11226.42546,-0.00000,13410.58859,-0.00000,-0.59992,-0.00000,534.03481, 4.17947, 0.00000,-0.00000, 0.51628,-0.00000, 0.06979,-0.00000, 1.14748, 0.50249,224.95745,1271.79873,2120.62145,-2.46069, 0.00000, 0.00000,
22.80000,11279.65635,-0.00000,13406.16270,-0.00000,-0.54815,-0.00000,534.25613, 4.17830, 0.00000,-0.00000, 0.51915,-0.00000, 0.06974,-0.00000, 1.14840, 0.50269,225.17596,1272.02331,2120.62145,-2.46069, 0.00000, 0.00000,
22.90000,11332.91322,-0.00000,13401.78432,-0.00000,-0.49609,-0.00000,534.47419, 4.17714, 0.00000,-0.00000, 0.52199,-0.00000, 0.06970,-0.00000, 1.14931, 0.50289,225.39152,1272.24551,2120.62145,-2.46069, 0.00000, 0.00000,
23.00000,11386.19571,-0.00000,13397.45377,-0.00000,-0.44375,-0.00000,534.68899, 4.17601, 0.00000,-0.00000, 0.52478,-0.00000, 0.06965,-0.00000, 1.15020, 0.50308,225.60412,1272.46532,2120.62145,-2.46069, 0.00000, 0.00000,
23.10000,11439.50347,-0.00000,13393.17136,-0.00000,-0.39114,-0.00000,534.90052, 4.17490, 0.00000,-0.00000, 0.52754,-0.00000, 0.06961,-0.00000, 1.15109, 0.50327,225.81372,1272.68271,2120.62145,-2.46069, 0.00000, 0.00000,
23.20000,11492.83616,-0.00000,13388.93740,-0.00000,-0.33825,-0.00000,535.10876, 4.17381, 0.00000,-0.00000, 0.53026,-0.00000, 0.06957,-0.00000, 1.15196, 0.50346,226.02033,1272.89767,2120.62145,-2.46069, 0.00000, 0.00000,
23.30000,11546.19343,-0.00000,13384.75219,-0.00000,-0.28509,-0.00000,535.31371, 4.17273, 0.00000,-0.00000, 0.53294,-0.00000, 0.06953,-0.00000, 1.15282, 0.50364,226.22391,1273.11019,2120.62145,-2.46069, 0.00000, 0.00000,
23.40000,11599.57490,-0.00000,13380.61603,-0.00000,-0.23166,-0.00000,535.51536, 4.17168, 0.00000,-0.00000, 0.53558,-0.00000, 0.06949,-0.00000, 1.15367, 0.50382,226.42446,1273.32024,2120.62145,-2.46069, 0.00000, 0.00000,
23.50000,11652.98024,-0.00000,13376.52922,-0.00000,-0.17797,-0.00000,535.71369, 4.17065, 0.00000,-0.00000, 0.53818,-0.00000, 0.06945,-0.00000, 1.15450, 0.50400,226.62195,1273.52781,2120.62145,-2.46069, 0.00000, 0.00000,
23.60000,11706.40907,-0.00000,13372.49205,-0.00000,-0.12402,-0.00000,535.90869, 4.16963, 0.00000,-0.00000, 0.54074,-0.00000, 0.06941,-0.00000, 1.15532, 0.50418,226.81638,1273.73289,2120.62145,-2.46069, 0.00000, 0.00000,
23.70000,11759.86104,-0.00000,13368.50480,-0.00000,-0.06982,-0.00000,536.10036, 4.16864, 0.00000,-0.00000, 0.54326,-0.00000, 0.06937,-0.00000, 1.15613, 0.50435,227.00773,1273.93546,2120.62145,-2.46069, 0.00000, 0.00000,
23.80000,11813.33579,-0.00000,13364.56776,-0.00000,-0.01537,-0.00000,536.28869, 4.16766, 0.00000,-0.00000, 0.54574,-0.00000, 0.06933,-0.00000, 1.15693, 0.50452,227.19598,1274.13550,2120.62145,-2.46069, 0.00000, 0.00000,
23.90000,11866.83294,-0.00000,13360.68120,-0.00000, 0.03932,-0.00000,536.47366, 4.16671, 0.00000,-0.00000, 0.54818,-0.00000, 0.06930,-0.00000, 1.15771, 0.50469,227.38112,1274.33301,2120.62145,-2.46069, 0.00000, 0.00000,
24.00000,11920.35213,-0.00000,13356.84540,-0.00000, 0.09426,-0.00000,536.65527, 4.16577, 0.00000,-0.00000, 0.55059,-0.00000, 0.06926,-0.00000, 1.15849, 0.50485,227.56313,1274.52796,2120.62145,-2.46069, 0.00000, 0.00000,
24.10000,11973.89299,-0.00000,13353.06062,-0.00000, 0.14944,-0.00000,536.83352, 4.16486, 0.00000,-0.00000, 0.55295,-0.00000, 0.06922,-0.00000, 1.15924, 0.50501,227.74200,1274.72034,2120.62145,-2.46069, 0.00000, 0.00000,
24.20000,12027.45515,-0.00000,13349.32714,-0.00000, 0.20485,-0.00000,537.00838, 4.16396, 0.00000,-0.00000, 0.55527,-0.00000, 0.06919,-0.00000, 1.15999, 0.50517,227.91772,1274.91013,2120.62145,-2.46069, 0.00000, 0.00000,
24.30000,12081.03823,-0.00000,13345.64521,-0.00000, 0.26049,-0.00000,537.17985, 4.16308, 0.00000,-0.00000, 0.55755,-0.00000, 0.06915,-0.00000, 1.16072, 0.50532,228.09027,1275.09733,2120.62145,-2.46069, 0.00000, 0.00000,
24.40000,12134.64187,-0.00000,13342.01509,-0.00000, 0.31636,-0.00000,537.34793, 4.16223, 0.00000,-0.00000, 0.55979,-0.00000, 0.06912,-0.00000, 1.16144, 0.50547,228.25964,1275.28191,2120.62145,-2.46069, 0.00000, 0.00000,
24.50000,12188.26568,-0.00000,13338.43702,-0.00000, 0.37245,-0.00000,537.51261, 4.16139, 0.00000,-0.00000, 0.56200,-0.00000, 0.06909,-0.00000, 1.16215, 0.50562,228.42581,1275.46387,2120.62145,-2.46069, 0.00000, 0.00000,
24.60000,12241.90929,-0.00000,13334.91126,-0.00000, 0.42876,-0.00000,537.67387, 4.16057, 0.00000,-0.00000, 0.56416,-0.00000, 0.06905,-0.00000, 1.16284, 0.50577,228.58878,1275.64319,2120.62145,-2.46069, 0.00000, 0.00000,
24.70000,12295.57232,-0.00000,13331.43806,-0.00000, 0.48528,-0.00000,537.83172, 4.15977, 0.00000,-0.00000, 0.56628,-0.00000, 0.06902,-0.00000, 1.16352, 0.50591,228.74853,1275.81985,2120.62145,-2.46069, 0.00000, 0.00000,
24.80000,12349.25438,-0.00000,13328.01763,-0.00000, 0.54201,-0.00000,537.98615, 4.15899, 0.00000,-0.00000, 0.56836,-0.00000, 0.06899,-0.00000, 1.16419, 0.50605,228.90505,1275.99385,2120.62145,-2.46069, 0.00000, 0.00000,
24.90000,12402.95509,-0.00000,13324.65023,-0.00000, 0.59895,-0.00000,538.13714, 4.15823, 0.00000,-0.00000, 0.57040,-0.00000, 0.06896,-0.00000, 1.16484, 0.50618,229.05833,1276.16517,2120.62145,-2.46069, 0.00000, 0.00000,
25.00000,12456.67408,-0.00000,13321.33608,-0.00000, 0.65609,-0.00000,538.28470, 4.15748, 0.00000,-0.00000, 0.57240,-0.00000, 0.06893,-0.00000, 1.16549, 0.50631,229.20835,1276.33380,2120.62145,-2.46069, 0.00000, 0.00000,
25.10000,12510.41094,-0.00000,13318.07540,-0.00000, 0.71343,-0.00000,538.42881, 4.15676, 0.00000,-0.00000, 0.57437,-0.00000, 0.06890,-0.00000, 1.16611, 0.50644,229.35511,1276.49973,2120.62145,-2.46069, 0.00000, 0.00000,
25.20000,12564.16530,-0.00000,13314.86840,-0.00000, 0.77096,-0.00000,538.56947, 4.15606, 0.00000,-0.00000, 0.57629,-0.00000, 0.06887,-0.00000, 1.16673, 0.50657,229.49859,1276.66294,2120.62145,-2.46069, 0.00000, 0.00000,
25.30000,12617.93677,-0.00000,13311.71532,-0.00000, 0.82869,-0.00000,538.70667, 4.15537, 0.00000,-0.00000, 0.57817,-0.00000, 0.06885,-0.00000, 1.16733, 0.50669,229.63879,1276.82343,2120.62145,-2.46069, 0.00000, 0.00000,
25.40000,12671.72495,-0.00000,13308.61635,-0.00000, 0.88660,-0.00000,538.84042, 4.15471, 0.00000,-0.00000, 0.58001,-0.00000, 0.06882,-0.00000, 1.16791, 0.50681,229.77569,1276.98117,2120.62145,-2.46069, 0.00000, 0.00000,
25.50000,12725.52946,-0.00000,13305.57171,-0.00000, 0.94469,-0.00000,538.97070, 4.15406, 0.00000,-0.00000, 0.58181,-0.00000, 0.06879,-0.00000, 1.16849, 0.50693,229.90929,1277.13617,2120.62145,-2.46069, 0.00000, 0.00000,
25.60000,12779.34990,-0.00000,13302.58158,-0.00000, 1.00296,-0.00000,539.09750, 4.15343, 0.00000,-0.00000, 0.58357,-0.00000, 0.06877,-0.00000, 1.16905, 0.50704,230.03957,1277.28841,2120.62145,-2.46069, 0.00000, 0.00000,
25.70000,12833.18587,-0.00000,13299.64617,-0.00000, 1.06140,-0.00000,539.22083, 4.15282, 0.00000,-0.00000, 0.58529,-0.00000, 0.06874,-0.00000, 1.16959, 0.50715,230.16652,1277.43787,2120.62145,-2.46069, 0.00000, 0.00000,
25.80000,12887.03699,-0.00000,13296.76568,-0.00000, 1.12001,-0.00000,539.34068, 4.15224, 0.00000,-0.00000, 0.58697,-0.00000, 0.06872,-0.00000, 1.17012, 0.50726,230.29015,1277.58455,2120.62145,-2.46069, 0.00000, 0.00000,
25.90000,12940.90286,-0.00000,13293.94027,-0.00000, 1.17879,-0.00000,539.45705, 4.15167, 0.00000,-0.00000, 0.58861,-0.00000, 0.06869,-0.00000, 1.17064, 0.50736,230.41043,1277.72844,2120.62145,-2.46069, 0.00000, 0.00000,
26.00000,12994.78307,-0.00000,13291.17015,-0.00000, 1.23773,-0.00000,539.56992, 4.15111, 0.00000,-0.00000, 0.59021,-0.00000, 0.06867,-0.00000, 1.17115, 0.50746,230.52736,1277.86953,2120.62145,-2.46069, 0.00000, 0.00000,
26.10000,13048.67723,-0.00000,13288.45548,-0.00000, 1.29683,-0.00000,539.67930, 4.15058, 0.00000,-0.00000, 0.59176,-0.00000, 0.06865,-0.00000, 1.17164, 0.50756,230.64093,1278.00780,2120.62145,-2.46069, 0.00000, 0.00000,
26.20000,13102.58494,-0.00000,13285.79643,-0.00000, 1.35608,-0.00000,539.78519, 4.15007, 0.00000,-0.00000, 0.59328,-0.00000, 0.06863,-0.00000, 1.17211, 0.50765,230.75114,1278.14326,2120.62145,-2.46069, 0.00000, 0.00000,
26.30000,13156.50580,-0.00000,13283.19317,-0.00000, 1.41549,-0.00000,539.88757, 4.14958, 0.00000,-0.00000, 0.59476,-0.00000, 0.06861,-0.00000, 1.17258, 0.50775,230.85798,1278.27588,2120.62145,-2.46069, 0.00000, 0.00000,
26.40000,13210.43941,-0.00000,13280.64587,-0.00000, 1.47504,-0.00000,539.98645, 4.14910, 0.00000,-0.00000, 0.59620,-0.00000, 0.06858,-0.00000, 1.17303, 0.50783,230.96143,1278.40566,2120.62145,-2.46069, 0.00000, 0.00000,
26.50000,13264.38536,-0.00000,13278.15469,-0.00000, 1.53472,-0.00000,540.08182, 4.14864, 0.00000,-0.00000, 0.59759,-0.00000, 0.06857,-0.00000, 1.17346, 0.50792,231.06150,1278.53260,2120.62145,-2.46069, 0.00000, 0.00000,
26.60000,13318.34325,-0.00000,13275.71976,-0.00000, 1.59455,-0.00000,540.17369, 4.14821, 0.00000,-0.00000, 0.59895,-0.00000, 0.06855,-0.00000, 1.17388, 0.50800,231.15818,1278.65667,2120.62145,-2.46069, 0.00000, 0.00000,
26.70000,13372.31268,-0.00000,13273.34125,-0.00000, 1.65451,-0.00000,540.26205, 4.14779, 0.00000,-0.00000, 0.60026,-0.00000, 0.06853,-0.00000, 1.17429, 0.50808,231.25146,1278.77788,2120.62145,-2.46069, 0.00000, 0.00000,
26.80000,13426.29323,-0.00000,13271.01930,-0.00000, 1.71460,-0.00000,540.34689, 4.14739, 0.00000,-0.00000, 0.60154,-0.00000, 0.06851,-0.00000, 1.17468, 0.50815,231.34134,1278.89622,2120.62145,-2.46069, 0.00000, 0.00000,
26.90000,13480.28452,-0.00000,13268.75403,-0.00000, 1.77482,-0.00000,540.42821, 4.14701, 0.00000,-0.00000, 0.60277,-0.00000, 0.06849,-0.00000, 1.17506, 0.50823,231.42781,1279.01168,2120.62145,-2.46069, 0.00000, 0.00000,
27.00000,13534.28611,-0.00000,13266.54560,-0.00000, 1.83516,-0.00000,540.50602, 4.14665, 0.00000,-0.00000, 0.60397,-0.00000, 0.06848,-0.00000, 1.17543, 0.50829,231.51087,1279.12425,2120.62145,-2.46069, 0.00000, 0.00000,
27.10000,13588.29762,-0.00000,13264.39411,-0.00000, 1.89561,-0.00000,540.58031, 4.14631, 0.00000,-0.00000, 0.60512,-0.00000, 0.06846,-0.00000, 1.17578, 0.50836,231.59050,1279.23392,2120.62145,-2.46069, 0.00000, 0.00000,
27.20000,13642.31864,-0.00000,13262.29971,-0.00000, 1.95618,-0.00000,540.65108, 4.14598, 0.00000,-0.00000, 0.60623,-0.00000, 0.06845,-0.00000, 1.17612, 0.50842,231.66672,1279.34069,2120.62145,-2.46069, 0.00000, 0.00000,
27.30000,13696.34874,-0.00000,13260.26250,-0.00000, 2.01686,-0.00000,540.71833, 4.14568, 0.00000,-0.00000, 0.60730,-0.00000, 0.06844,-0.00000, 1.17644, 0.50848,231.73951,1279.44456,2120.62145,-2.46069, 0.00000, 0.00000,
27.40000,13750.38753,-0.00000,13258.28259,-0.00000, 2.07764,-0.00000,540.78206, 4.14539, 0.00000,-0.00000, 0.60833,-0.00000, 0.06842,-0.00000, 1.17675, 0.50854,231.80886,1279.54551,2120.62145,-2.46069, 0.00000, 0.00000,
27.50000,13804.43459,-0.00000,13256.36011,-0.00000, 2.13852,-0.00000,540.84226, 4.14513, 0.00000,-0.00000, 0.60933,-0.00000, 0.06841,-0.00000, 1.17705, 0.50859,231.87479,1279.64353,2120.62145,-2.46069, 0.00000, 0.00000,
27.60000,13858.48951,-0.00000,13254.49514,-0.00000, 2.19950,-0.00000,540.89895, 4.14488, 0.00000,-0.00000, 0.61028,-0.00000, 0.06840,-0.00000, 1.17733, 0.50864,231.93728,1279.73863,2120.62145,-2.46069, 0.00000, 0.00000,
27.70000,13912.55189,-0.00000,13252.68779,-0.00000, 2.26058,-0.00000,540.95211, 4.14465, 0.00000,-0.00000, 0.61119,-0.00000, 0.06839,-0.00000, 1.17759, 0.50869,231.99633,1279.83080,2120.62145,-2.46069, 0.00000, 0.00000,
27.80000,13966.62131,-0.00000,13250.93815,-0.00000, 2.32174,-0.00000,541.00175, 4.14444, 0.00000,-0.00000, 0.61205,-0.00000, 0.06838,-0.00000, 1.17785, 0.50873,232.05194,1279.92003,2120.62145,-2.46069, 0.00000, 0.00000,
27.90000,14020.69736,-0.00000,13249.24632,-0.00000, 2.38299,-0.00000,541.04786, 4.14425, 0.00000,-0.00000, 0.61288,-0.00000, 0.06837,-0.00000, 1.17808, 0.50877,232.10410,1280.00631,2120.62145,-2.46069, 0.00000, 0.00000,
28.00000,14074.77962,-0.00000,13247.61236,-0.00000, 2.44431,-0.00000,541.09046, 4.14407, 0.00000,-0.00000, 0.61367,-0.00000, 0.06836,-0.00000, 1.17831, 0.50881,232.15282,1280.08965,2120.62145,-2.46069, 0.00000, 0.00000,
28.10000,14128.86770,-0.00000,13246.03637,-0.00000, 2.50572,-0.00000,541.12954, 4.14392, 0.00000,-0.00000, 0.61442,-0.00000, 0.06835,-0.00000, 1.17852, 0.50884,232.19810,1280.17003,2120.62145,-2.46069, 0.00000, 0.00000,
28.20000,14182.96116,-0.00000,13244.51841,-0.00000, 2.56720,-0.00000,541.16509, 4.14378, 0.00000,-0.00000, 0.61513,-0.00000, 0.06834,-0.00000, 1.17871, 0.50887,232.23993,1280.24746,2120.62145,-2.46069, 0.00000, 0.00000,
28.30000,14237.05960,-0.00000,13243.05856,-0.00000, 2.62874,-0.00000,541.19713, 4.14367, 0.00000,-0.00000, 0.61579,-0.00000, 0.06834,-0.00000, 1.17890, 0.50890,232.27831,1280.32193,2120.62145,-2.46069, 0.00000, 0.00000,
28.40000,14291.16262,-0.00000,13241.65687,-0.00000, 2.69035,-0.00000,541.22565, 4.14357, 0.00000,-0.00000, 0.61642,-0.00000, 0.06833,-0.00000, 1.17906, 0.50892,232.31324,1280.39344,2120.62145,-2.46069, 0.00000, 0.00000,
28.50000,14345.26978,-0.00000,13240.31341,-0.00000, 2.75202,-0.00000,541.25066, 4.14349, 0.00000,-0.00000, 0.61701,-0.00000, 0.06833,-0.00000, 1.17922, 0.50894,232.34473,1280.46198,2120.62145,-2.46069, 0.00000, 0.00000,
28.60000,14399.38069,-0.00000,13239.02823,-0.00000, 2.81375,-0.00000,541.27216, 4.14343, 0.00000,-0.00000, 0.61755,-0.00000, 0.06832,-0.00000, 1.17936, 0.50896,232.37277,1280.52754,2120.62145,-2.46069, 0.00000, 0.00000,
28.70000,14453.49492,-0.00000,13237.80137,-0.00000, 2.87553,-0.00000,541.29014, 4.14338, 0.00000,-0.00000, 0.61806,-0.00000, 0.06832,-0.00000, 1.17948, 0.50898,232.39736,1280.59014,2120.62145,-2.46069, 0.00000, 0.00000,
28.80000,14507.61208,-0.00000,13236.63289,-0.00000, 2.93736,-0.00000,541.30462, 4.14336, 0.00000,-0.00000, 0.61852,-0.00000, 0.06831,-0.00000, 1.17959, 0.50899,232.41850,1280.64976,2120.62145,-2.46069, 0.00000, 0.00000,
28.90000,14561.73173,-0.00000,13235.52281,-0.00000, 2.99924,-0.00000,541.31559, 4.14335, 0.00000,-0.00000, 0.61895,-0.00000, 0.06831,-0.00000, 1.17969, 0.50900,232.43621,1280.70640,2120.62145,-2.46069, 0.00000, 0.00000,
29.00000,14615.85347,-0.00000,13234.47118,-0.00000, 3.06115,-0.00000,541.32306, 4.14337, 0.00000,-0.00000, 0.61933,-0.00000, 0.06831,-0.00000, 1.17977, 0.50900,232.45047,1280.76006,2120.62145,-2.46069, 0.00000, 0.00000,
29.10000,14669.97689,-0.00000,13233.47801,-0.00000, 3.12310,-0.00000,541.32703, 4.14340, 0.00000,-0.00000, 0.61967,-0.00000, 0.06831,-0.00000, 1.17984, 0.50900,232.46129,1280.81074,2120.62145,-2.46069, 0.00000, 0.00000,
29.20000,14724.10158,-0.00000,13232.54335,-0.00000, 3.18508,-0.00000,541.32751, 4.14345, 0.00000,-0.00000, 0.61998,-0.00000, 0.06831,-0.00000, 1.17989, 0.50900,232.46867,1280.85843,2120.62145,-2.46069, 0.00000, 0.00000,
29.30000,14778.22711,-0.00000,13231.66719,-0.00000, 3.24709,-0.00000,541.32449, 4.14352, 0.00000,-0.00000, 0.62024,-0.00000, 0.06831,-0.00000, 1.17993, 0.50900,232.47261,1280.90314,2120.62145,-2.46069, 0.00000, 0.00000,
29.40000,14832.35309,-0.00000,13230.84956,-0.00000, 3.30913,-0.00000,541.31799, 4.14360, 0.00000,-0.00000, 0.62046,-0.00000, 0.06831,-0.00000, 1.17996, 0.50899,232.47313,1280.94487,2120.62145,-2.46069, 0.00000, 0.00000,
29.50000,14886.47909,-0.00000,13230.09047,-0.00000, 3.37119,-0.00000,541.30800, 4.14371, 0.00000,-0.00000, 0.62065,-0.00000, 0.06831,-0.00000, 1.17997, 0.50898,232.47021,1280.98361,2120.62145,-2.46069, 0.00000, 0.00000,
29.60000,14940.60471,-0.00000,13229.38991,-0.00000, 3.43326,-0.00000,541.29453, 4.14383, 0.00000,-0.00000, 0.62079,-0.00000, 0.06832,-0.00000, 1.17997, 0.50896,232.46387,1281.01936,2120.62145,-2.46069, 0.00000, 0.00000,
29.70000,14994.72953,-0.00000,13228.74789,-0.00000, 3.49534,-0.00000,541.27759, 4.14397, 0.00000,-0.00000, 0.62089,-0.00000, 0.06832,-0.00000, 1.17995, 0.50895,232.45411,1281.05213,2120.62145,-2.46069, 0.00000, 0.00000,
29.80000,15048.85315,-0.00000,13228.16441,-0.00000, 3.55744,-0.00000,541.25718, 4.14413, 0.00000,-0.00000, 0.62096,-0.00000, 0.06832,-0.00000, 1.17992, 0.50893,232.44093,1281.08190,2120.62145,-2.46069, 0.00000, 0.00000,
29.90000,15102.97516,-0.00000,13227.63944,-0.00000, 3.61953,-0.00000,541.23330, 4.14431, 0.00000,-0.00000, 0.62098,-0.00000, 0.06833,-0.00000, 1.17987, 0.50890,232.42433,1281.10870,2120.62145,-2.46069, 0.00000, 0.00000,
30.00000,15157.09514,-0.00000,13227.17297,-0.00000, 3.68163,-0.00000,541.20596, 4.14451, 0.00000,-0.00000, 0.62096,-0.00000, 0.06833,-0.00000, 1.17982, 0.50888,232.40433,1281.13251,2120.62145,-2.46069, 0.00000, 0.00000,
