
time,npos,epos,alt,phi,theta,psi,vel,alpha,beta,p,q,r,nx,ny,nz,mach,qbar,ps,

 0.00000, 0.00000, 0.00000,15000.00000, 0.00000, 4.46549, 0.00000,500.00000, 4.46549, 0.00000, 0.00000, 0.00000, 0.00000, 0.07786, 0.00000, 0.99696, 0.47339,187.31921,1193.18672,2120.62145,-2.46069, 0.00000, 0.00000,
 0.10000,50.00000, 0.00000,15000.00000, 0.00000, 4.46549,-0.00000,500.00000, 4.46549, 0.00000, 0.00000,-0.00000,-0.00000, 0.07786, 0.00000, 0.99696, 0.47339,187.31921,1193.18672,2120.62145,-2.46069, 0.00000, 0.00000,
 0.20000,100.00000, 0.00000,15000.00000, 0.00000, 4.46549,-0.00000,500.00000, 4.46549, 0.00000, 0.00000,-0.00000,-0.00000, 0.07786, 0.00000, 0.99696, 0.47339,187.31921,1193.18672,2120.62145,-2.46069, 0.00000, 0.00000,
 0.30000,150.00000, 0.00000,15000.00000,-0.00000, 4.46549,-0.00000,500.00000, 4.46549, 0.00000,-0.00000,-0.00000,-0.00000, 0.07786, 0.00000, 0.99696, 0.47339,187.31921,1193.18672,2120.62145,-2.46069, 0.00000, 0.00000,
 0.40000,200.00000, 0.00000,15000.00000,-0.00000, 4.46549,-0.00000,500.00000, 4.46549, 0.00000,-0.00000,-0.00000,-0.00000, 0.07786,-0.00000, 0.99696, 0.47339,187.31921,1193.18672,2120.62145,-2.46069, 0.00000, 0.00000,
 0.50000,250.00000, 0.00000,15000.00000,-0.00000, 4.46549,-0.00000,500.00000, 4.46549, 0.00000,-0.00000,-0.00000,-0.00000, 0.07786,-0.00000, 0.99696, 0.47339,187.31921,1193.18672,2120.62145,-2.46069, 0.00000, 0.00000,
 0.60000,300.00000, 0.00000,15000.00000,-0.00000, 4.46549,-0.00000,500.00000, 4.46549, 0.00000,-0.00000,-0.00000,-0.00000, 0.07786,-0.00000, 0.99696, 0.47339,187.31921,1193.18672,2120.62145,-2.46069, 0.00000, 0.00000,
 0.70000,350.00000, 0.00000,15000.00000,-0.00000, 4.46549,-0.00000,500.00000, 4.46549, 0.00000,-0.00000,-0.00000,-0.00000, 0.07786,-0.00000, 0.99696, 0.47339,187.31921,1193.18672,2120.62145,-2.46069, 0.00000, 0.00000,
 0.80000,400.00000,-0.00000,15000.00000,-0.00000, 4.46549,-0.00000,500.00000, 4.46549, 0.00000,-0.00000,-0.00000,-0.00000, 0.07786,-0.00000, 0.99696, 0.47339,187.31921,1193.18672,2120.62145,-2.46069, 0.00000, 0.00000,
 0.90000,450.00000,-0.00000,15000.00000,-0.00000, 4.46549,-0.00000,500.00000, 4.46549, 0.00000,-0.00000,-0.00000,-0.00000, 0.07786,-0.00000, 0.99696, 0.47339,187.31921,1193.18672,2120.62145,-2.46069, 0.00000, 0.00000,
 1.00000,500.00000,-0.00000,15000.00000,-0.00000, 4.46549,-0.00000,500.00000, 4.46549, 0.00000,-0.00000,-0.00000,-0.00000, 0.07786,-0.00000, 0.99696, 0.47339,187.31921,1193.18672,2120.62145,-2.46069, 0.00000, 0.00000,
 1.10000,550.00000,-0.00000,15000.00000,-0.00000, 4.46549,-0.00000,500.00000, 4.46549, 0.00000,-0.00000,-0.00000,-0.00000, 0.07786,-0.00000, 0.99696, 0.47339,187.31921,1193.18672,2120.62145,-2.46069, 0.00000, 0.00000,
 1.20000,600.00000,-0.00000,15000.00000,-0.00000, 4.46549,-0.00000,500.00000, 4.46549, 0.00000,-0.00000,-0.00000,-0.00000, 0.07786,-0.00000, 0.99696, 0.47339,187.31921,1193.18672,2120.62145,-2.46069, 0.00000, 0.00000,
 1.30000,650.00000,-0.00000,15000.00000,-0.00000, 4.46549,-0.00000,500.00000, 4.46549, 0.00000,-0.00000,-0.00000,-0.00000, 0.07786,-0.00000, 0.99696, 0.47339,187.31921,1193.18672,2120.62145,-2.46069, 0.00000, 0.00000,
 1.40000,700.00000,-0.00000,15000.00000,-0.00000, 4.46549,-0.00000,500.00000, 4.46549, 0.00000,-0.00000,-0.00000,-0.00000, 0.07786,-0.00000, 0.99696, 0.47339,187.31921,1193.18672,2120.62145,-2.46069, 0.00000, 0.00000,
 1.50000,750.00000,-0.00000,15000.00000,-0.00000, 4.46549,-0.00000,500.00000, 4.46549, 0.00000,-0.00000,-0.00000,-0.00000, 0.07786,-0.00000, 0.99696, 0.47339,187.31921,1193.18672,2120.62145,-2.46069, 0.00000, 0.00000,
 1.60000,800.00000,-0.00000,15000.00000,-0.00000, 4.46549,-0.00000,500.00000, 4.46549, 0.00000,-0.00000,-0.00000,-0.00000, 0.07786,-0.00000, 0.99696, 0.47339,187.31921,1193.18672,2120.62145,-2.46069, 0.00000, 0.00000,
 1.70000,850.00000,-0.00000,15000.00000,-0.00000, 4.46549,-0.00000,500.00000, 4.46549, 0.00000,-0.00000,-0.00000,-0.00000, 0.07786,-0.00000, 0.99696, 0.47339,187.31921,1193.18672,2120.62145,-2.46069, 0.00000, 0.00000,
 1.80000,900.00000,-0.00000,15000.00000,-0.00000, 4.46549,-0.00000,500.00000, 4.46549, 0.00000,-0.00000,-0.00000,-0.00000, 0.07786,-0.00000, 0.99696, 0.47339,187.31921,1193.18672,2120.62145,-2.46069, 0.00000, 0.00000,
 1.90000,950.00000,-0.00000,15000.00000,-0.00000, 4.46549,-0.00000,500.00000, 4.46549, 0.00000,-0.00000,-0.00000,-0.00000, 0.07786,-0.00000, 0.99696, 0.47339,187.31921,1193.18672,2120.62145,-2.46069, 0.00000, 0.00000,
 2.00000,1000.00000,-0.00000,15000.00000,-0.00000, 4.46549,-0.00000,500.00000, 4.46549, 0.00000,-0.00000,-0.00000,-0.00000, 0.07786,-0.00000, 0.99696, 0.47339,187.31921,1193.18672,2120.62145,-2.46069, 0.00000, 0.00000,
 2.10000,1050.00000,-0.00000,15000.00000,-0.00000, 4.46549,-0.00000,500.00000, 4.46549, 0.00000,-0.00000,-0.00000,-0.00000, 0.07786,-0.00000, 0.99696, 0.47339,187.31921,1193.18672,2120.62145,-2.46069, 0.00000, 0.00000,
 2.20000,1100.00000,-0.00000,15000.00000,-0.00000, 4.46549,-0.00000,500.00000, 4.46549, 0.00000,-0.00000,-0.00000,-0.00000, 0.07786,-0.00000, 0.99696, 0.47339,187.31921,1193.18672,2120.62145,-2.46069, 0.00000, 0.00000,
 2.30000,1150.00000,-0.00000,15000.00000,-0.00000, 4.46549,-0.00000,500.00000, 4.46549, 0.00000,-0.00000,-0.00000,-0.00000, 0.07786,-0.00000, 0.99696, 0.47339,187.31921,1193.18672,2120.62145,-2.46069, 0.00000, 0.00000,
 2.40000,1200.00000,-0.00000,15000.00000,-0.00000, 4.46549,-0.00000,500.00000, 4.46549, 0.00000,-0.00000,-0.00000,-0.00000, 0.07786,-0.00000, 0.99696, 0.47339,187.31921,1193.18672,2120.62145,-2.46069, 0.00000, 0.00000,
 2.50000,1250.00000,-0.00000,15000.00000,-0.00000, 4.46549,-0.00000,500.00000, 4.46549, 0.00000,-0.00000,-0.00000,-0.00000, 0.07786,-0.00000, 0.99696, 0.47339,187.31921,1193.18672,2120.62145,-2.46069, 0.00000, 0.00000,
 2.60000,1300.00000,-0.00000,15000.00000,-0.00000, 4.46549,-0.00000,500.00000, 4.46549, 0.00000,-0.00000,-0.00000,-0.00000, 0.07786,-0.00000, 0.99696, 0.47339,187.31921,1193.18672,2120.62145,-2.46069, 0.00000, 0.00000,
 2.70000,1350.00000,-0.00000,15000.00000,-0.00000, 4.46549,-0.00000,500.00000, 4.46549, 0.00000,-0.00000,-0.00000,-0.00000, 0.07786,-0.00000, 0.99696, 0.47339,187.31921,1193.18672,2120.62145,-2.46069, 0.00000, 0.00000,
 2.80000,1400.00000,-0.00000,15000.00000,-0.00000, 4.46549,-0.00000,500.00000, 4.46549, 0.00000,-0.00000,-0.00000,-0.00000, 0.07786,-0.00000, 0.99696, 0.47339,187.31921,1193.18672,2120.62145,-2.46069, 0.00000, 0.00000,
 2.90000,1450.00000,-0.00000,15000.00000,-0.00000, 4.46549,-0.00000,500.00000, 4.46549, 0.00000,-0.00000,-0.00000,-0.00000, 0.07786,-0.00000, 0.99696, 0.47339,187.31921,1193.18672,2120.62145,-2.46069, 0.00000, 0.00000,
 3.00000,1500.00000,-0.00000,15000.00000,-0.00000, 4.46549,-0.00000,500.00000, 4.46549, 0.00000,-0.00000,-0.00000,-0.00000, 0.07786,-0.00000, 0.99696, 0.47339,187.31921,1193.18672,2120.62145,-2.46069, 0.00000, 0.00000,
 3.10000,1550.00000,-0.00000,15000.00000,-0.00000, 4.46549,-0.00000,500.00000, 4.46549, 0.00000,-0.00000,-0.00000,-0.00000, 0.07786,-0.00000, 0.99696, 0.47339,187.31921,1193.18672,2120.62145,-2.46069, 0.00000, 0.00000,
 3.20000,1600.00000,-0.00000,15000.00000,-0.00000, 4.46549,-0.00000,500.00000, 4.46549, 0.00000,-0.00000,-0.00000,-0.00000, 0.07786,-0.00000, 0.99696, 0.47339,187.31921,1193.18672,2120.62145,-2.46069, 0.00000, 0.00000,
 3.30000,1650.00000,-0.00000,15000.00000,-0.00000, 4.46549,-0.00000,500.00000, 4.46549, 0.00000,-0.00000,-0.00000,-0.00000, 0.07786,-0.00000, 0.99696, 0.47339,187.31921,1193.18672,2120.62145,-2.46069, 0.00000, 0.00000,
 3.40000,1700.00000,-0.00000,15000.00000,-0.00000, 4.46549,-0.00000,500.00000, 4.46549, 0.00000,-0.00000,-0.00000,-0.00000, 0.07786,-0.00000, 0.99696, 0.47339,187.31921,1193.18672,2120.62145,-2.46069, 0.00000, 0.00000,
 3.50000,1750.00000,-0.00000,15000.00000,-0.00000, 4.46549,-0.00000,500.00000, 4.46549, 0.00000,-0.00000,-0.00000,-0.00000, 0.07786,-0.00000, 0.99696, 0.47339,187.31921,1193.18672,2120.62145,-2.46069, 0.00000, 0.00000,
 3.60000,1800.00000,-0.00000,15000.00000,-0.00000, 4.46549,-0.00000,500.00000, 4.46549, 0.00000,-0.00000,-0.00000,-0.00000, 0.07786,-0.00000, 0.99696, 0.47339,187.31921,1193.18672,2120.62145,-2.46069, 0.00000, 0.00000,
 3.70000,1850.00000,-0.00000,15000.00000,-0.00000, 4.46549,-0.00000,500.00000, 4.46549, 0.00000,-0.00000,-0.00000,-0.00000, 0.07786,-0.00000, 0.99696, 0.47339,187.31921,1193.18672,2120.62145,-2.46069, 0.00000, 0.00000,
 3.80000,1900.00000,-0.00000,15000.00000,-0.00000, 4.46549,-0.00000,500.00000, 4.46549, 0.00000,-0.00000,-0.00000,-0.00000, 0.07786,-0.00000, 0.99696, 0.47339,187.31921,1193.18672,2120.62145,-2.46069, 0.00000, 0.00000,
 3.90000,1950.00000,-0.00000,15000.00000,-0.00000, 4.46549,-0.00000,500.00000, 4.46549, 0.00000,-0.00000,-0.00000,-0.00000, 0.07786,-0.00000, 0.99696, 0.47339,187.31921,1193.18672,2120.62145,-2.46069, 0.00000, 0.00000,
 4.00000,2000.00000,-0.00000,15000.00000,-0.00000, 4.46549,-0.00000,500.00000, 4.46549, 0.00000,-0.00000,-0.00000,-0.00000, 0.07786,-0.00000, 0.99696, 0.47339,187.31921,1193.18672,2120.62145,-2.46069, 0.00000, 0.00000,
 4.10000,2050.00000,-0.00000,15000.00000,-0.00000, 4.46549,-0.00000,500.00000, 4.46549, 0.00000,-0.00000,-0.00000,-0.00000, 0.07786,-0.00000, 0.99696, 0.47339,187.31921,1193.18672,2120.62145,-2.46069, 0.00000, 0.00000,
 4.20000,2100.00000,-0.00000,15000.00000,-0.00000, 4.46549,-0.00000,500.00000, 4.46549, 0.00000,-0.00000,-0.00000,-0.00000, 0.07786,-0.00000, 0.99696, 0.47339,187.31921,1193.18672,2120.62145,-2.46069, 0.00000, 0.00000,
 4.30000,2150.00000,-0.00000,15000.00000,-0.00000, 4.46549,-0.00000,500.00000, 4.46549, 0.00000,-0.00000,-0.00000,-0.00000, 0.07786,-0.00000, 0.99696, 0.47339,187.31921,1193.18672,2120.62145,-2.46069, 0.00000, 0.00000,
 4.40000,2200.00000,-0.00000,15000.00000,-0.00000, 4.46549,-0.00000,500.00000, 4.46549, 0.00000,-0.00000,-0.00000,-0.00000, 0.07786,-0.00000, 0.99696, 0.47339,187.31921,1193.18672,2120.62145,-2.46069, 0.00000, 0.00000,
 4.50000,2250.00000,-0.00000,15000.00000,-0.00000, 4.46549,-0.00000,500.00000, 4.46549, 0.00000,-0.00000,-0.00000,-0.00000, 0.07786,-0.00000, 0.99696, 0.47339,187.31921,1193.18672,2120.62145,-2.46069, 0.00000, 0.00000,
 4.60000,2300.00000,-0.00000,15000.00000,-0.00000, 4.46549,-0.00000,500.00000, 4.46549, 0.00000,-0.00000,-0.00000,-0.00000, 0.07786,-0.00000, 0.99696, 0.47339,187.31921,1193.18672,2120.62145,-2.46069, 0.00000, 0.00000,
 4.70000,2350.00000,-0.00000,15000.00000,-0.00000, 4.46549,-0.00000,500.00000, 4.46549, 0.00000,-0.00000,-0.00000,-0.00000, 0.07786,-0.00000, 0.99696, 0.47339,187.31921,1193.18672,2120.62145,-2.46069, 0.00000, 0.00000,
 4.80000,2400.00000,-0.00000,15000.00000,-0.00000, 4.46549,-0.00000,500.00000, 4.46549, 0.00000,-0.00000,-0.00000,-0.00000, 0.07786,-0.00000, 0.99696, 0.47339,187.31921,1193.18672,2120.62145,-2.46069, 0.00000, 0.00000,
 4.90000,2450.00000,-0.00000,15000.00000,-0.00000, 4.46549,-0.00000,500.00000, 4.46549, 0.00000,-0.00000,-0.00000,-0.00000, 0.07786,-0.00000, 0.99696, 0.47339,187.31921,1193.18672,2120.62145,-2.46069, 0.00000, 0.00000,
 5.00000,2500.00000,-0.00000,15000.00000,-0.00000, 4.46549,-0.00000,500.00000, 4.46549, 0.00000,-0.00000,-0.00000,-0.00000, 0.07786,-0.00000, 0.99696, 0.47339,187.31921,1193.18672,2120.62145,-2.46069, 0.00000, 0.00000,
 5.10000,2550.00000,-0.00000,15000.00000,-0.00000, 4.46549,-0.00000,500.00000, 4.46549, 0.00000,-0.00000,-0.00000,-0.00000, 0.07786,-0.00000, 0.99696, 0.47339,187.31921,1193.18672,2120.62145,-2.46069, 0.00000, 0.00000,
 5.20000,2600.00000,-0.00000,15000.00000,-0.00000, 4.46549,-0.00000,500.00000, 4.46549, 0.00000,-0.00000,-0.00000,-0.00000, 0.07786,-0.00000, 0.99696, 0.47339,187.31921,1193.18672,2120.62145,-2.46069, 0.00000, 0.00000,
 5.30000,2650.00000,-0.00000,15000.00000,-0.00000, 4.46549,-0.00000,500.00000, 4.46549, 0.00000,-0.00000,-0.00000,-0.00000, 0.07786,-0.00000, 0.99696, 0.47339,187.31921,1193.18672,2120.62145,-2.46069, 0.00000, 0.00000,
 5.40000,2700.00000,-0.00000,15000.00000,-0.00000, 4.46549,-0.00000,500.00000, 4.46549, 0.00000,-0.00000,-0.00000,-0.00000, 0.07786,-0.00000, 0.99696, 0.47339,187.31921,1193.18672,2120.62145,-2.46069, 0.00000, 0.00000,
 5.50000,2750.00000,-0.00000,15000.00000,-0.00000, 4.46549,-0.00000,500.00000, 4.46549, 0.00000,-0.00000,-0.00000,-0.00000, 0.07786,-0.00000, 0.99696, 0.47339,187.31921,1193.18672,2120.62145,-2.46069, 0.00000, 0.00000,
 5.60000,2800.00000,-0.00000,15000.00000,-0.00000, 4.46549,-0.00000,500.00000, 4.46549, 0.00000,-0.00000,-0.00000,-0.00000, 0.07786,-0.00000, 0.99696, 0.47339,187.31921,1193.18672,2120.62145,-2.46069, 0.00000, 0.00000,
 5.70000,2850.00000,-0.00000,15000.00000,-0.00000, 4.46549,-0.00000,500.00000, 4.46549, 0.00000,-0.00000,-0.00000,-0.00000, 0.07786,-0.00000, 0.99696, 0.47339,187.31921,1193.18672,2120.62145,-2.46069, 0.00000, 0.00000,
 5.80000,2900.00000,-0.00000,15000.00000,-0.00000, 4.46549,-0.00000,500.00000, 4.46549, 0.00000,-0.00000,-0.00000,-0.00000, 0.07786,-0.00000, 0.99696, 0.47339,187.31921,1193.18672,2120.62145,-2.46069, 0.00000, 0.00000,
 5.90000,2950.00000,-0.00000,15000.00000,-0.00000, 4.46549,-0.00000,500.00000, 4.46549, 0.00000,-0.00000,-0.00000,-0.00000, 0.07786,-0.00000, 0.99696, 0.47339,187.31921,1193.18672,2120.62145,-2.46069, 0.00000, 0.00000,
 6.00000,3000.00000,-0.00000,15000.00000,-0.00000, 4.46549,-0.00000,500.00000, 4.46549, 0.00000,-0.00000,-0.00000,-0.00000, 0.07786,-0.00000, 0.99696, 0.47339,187.31921,1193.18672,2120.62145,-2.46069, 0.00000, 0.00000,
 6.10000,3050.00000,-0.00000,15000.00000,-0.00000, 4.46549,-0.00000,500.00000, 4.46549, 0.00000,-0.00000,-0.00000,-0.00000, 0.07786,-0.00000, 0.99696, 0.47339,187.31921,1193.18672,2120.62145,-2.46069, 0.00000, 0.00000,
 6.20000,3100.00000,-0.00000,15000.00000,-0.00000, 4.46549,-0.00000,500.00000, 4.46549, 0.00000,-0.00000,-0.00000,-0.00000, 0.07786,-0.00000, 0.99696, 0.47339,187.31921,1193.18672,2120.62145,-2.46069, 0.00000, 0.00000,
 6.30000,3150.00000,-0.00000,15000.00000,-0.00000, 4.46549,-0.00000,500.00000, 4.46549, 0.00000,-0.00000,-0.00000,-0.00000, 0.07786,-0.00000, 0.99696, 0.47339,187.31921,1193.18672,2120.62145,-2.46069, 0.00000, 0.00000,
 6.40000,3200.00000,-0.00000,15000.00000,-0.00000, 4.46549,-0.00000,500.00000, 4.46549, 0.00000,-0.00000,-0.00000,-0.00000, 0.07786,-0.00000, 0.99696, 0.47339,187.31921,1193.18672,2120.62145,-2.46069, 0.00000, 0.00000,
 6.50000,3250.00000,-0.00000,15000.00000,-0.00000, 4.46549,-0.00000,500.00000, 4.46549, 0.00000,-0.00000,-0.00000,-0.00000, 0.07786,-0.00000, 0.99696, 0.47339,187.31921,1193.18672,2120.62145,-2.46069, 0.00000, 0.00000,
 6.60000,3300.00000,-0.00000,15000.00000,-0.00000, 4.46549,-0.00000,500.00000, 4.46549, 0.00000,-0.00000,-0.00000,-0.00000, 0.07786,-0.00000, 0.99696, 0.47339,187.31921,1193.18672,2120.62145,-2.46069, 0.00000, 0.00000,
 6.70000,3350.00000,-0.00000,15000.00000,-0.00000, 4.46549,-0.00000,500.00000, 4.46549, 0.00000,-0.00000,-0.00000,-0.00000, 0.07786,-0.00000, 0.99696, 0.47339,187.31921,1193.18672,2120.62145,-2.46069, 0.00000, 0.00000,
 6.80000,3400.00000,-0.00000,15000.00000,-0.00000, 4.46549,-0.00000,500.00000, 4.46549, 0.00000,-0.00000,-0.00000,-0.00000, 0.07786,-0.00000, 0.99696, 0.47339,187.31921,1193.18672,2120.62145,-2.46069, 0.00000, 0.00000,
 6.90000,3450.00000,-0.00000,15000.00000,-0.00000, 4.46549,-0.00000,500.00000, 4.46549, 0.00000,-0.00000,-0.00000,-0.00000, 0.07786,-0.00000, 0.99696, 0.47339,187.31921,1193.18672,2120.62145,-2.46069, 0.00000, 0.00000,
 7.00000,3500.00000,-0.00000,15000.00000,-0.00000, 4.46549,-0.00000,500.00000, 4.46549, 0.00000,-0.00000,-0.00000,-0.00000, 0.07786,-0.00000, 0.99696, 0.47339,187.31921,1193.18672,2120.62145,-2.46069, 0.00000, 0.00000,
 7.10000,3550.00000,-0.00000,15000.00000,-0.00000, 4.46549,-0.00000,500.00000, 4.46549, 0.00000,-0.00000,-0.00000,-0.00000, 0.07786,-0.00000, 0.99696, 0.47339,187.31921,1193.18672,2120.62145,-2.46069, 0.00000, 0.00000,
 7.20000,3600.00000,-0.00000,15000.00000,-0.00000, 4.46549,-0.00000,500.00000, 4.46549, 0.00000,-0.00000,-0.00000,-0.00000, 0.07786,-0.00000, 0.99696, 0.47339,187.31921,1193.18672,2120.62145,-2.46069, 0.00000, 0.00000,
 7.30000,3650.00000,-0.00000,15000.00000,-0.00000, 4.46549,-0.00000,500.00000, 4.46549, 0.00000,-0.00000,-0.00000,-0.00000, 0.07786,-0.00000, 0.99696, 0.47339,187.31921,1193.18672,2120.62145,-2.46069, 0.00000, 0.00000,
 7.40000,3700.00000,-0.00000,15000.00000,-0.00000, 4.46549,-0.00000,500.00000, 4.46549, 0.00000,-0.00000,-0.00000,-0.00000, 0.07786,-0.00000, 0.99696, 0.47339,187.31921,1193.18672,2120.62145,-2.46069, 0.00000, 0.00000,
 7.50000,3750.00000,-0.00000,15000.00000,-0.00000, 4.46549,-0.00000,500.00000, 4.46549, 0.00000,-0.00000,-0.00000,-0.00000, 0.07786,-0.00000, 0.99696, 0.47339,187.31921,1193.18672,2120.62145,-2.46069, 0.00000, 0.00000,
 7.60000,3800.00000,-0.00000,15000.00000,-0.00000, 4.46549,-0.00000,500.00000, 4.46549, 0.00000,-0.00000,-0.00000,-0.00000, 0.07786,-0.00000, 0.99696, 0.47339,187.31921,1193.18672,2120.62145,-2.46069, 0.00000, 0.00000,
 7.70000,3850.00000,-0.00000,15000.00000,-0.00000, 4.46549,-0.00000,500.00000, 4.46549, 0.00000,-0.00000,-0.00000,-0.00000, 0.07786,-0.00000, 0.99696, 0.47339,187.31921,1193.18672,2120.62145,-2.46069, 0.00000, 0.00000,
 7.80000,3900.00000,-0.00000,15000.00000,-0.00000, 4.46549,-0.00000,500.00000, 4.46549, 0.00000,-0.00000,-0.00000,-0.00000, 0.07786,-0.00000, 0.99696, 0.47339,187.31921,1193.18672,2120.62145,-2.46069, 0.00000, 0.00000,
 7.90000,3950.00000,-0.00000,15000.00000,-0.00000, 4.46549,-0.00000,500.00000, 4.46549, 0.00000,-0.00000,-0.00000,-0.00000, 0.07786,-0.00000, 0.99696, 0.47339,187.31921,1193.18672,2120.62145,-2.46069, 0.00000, 0.00000,
 8.00000,4000.00000,-0.00000,15000.00000,-0.00000, 4.46549,-0.00000,500.00000, 4.46549, 0.00000,-0.00000,-0.00000,-0.00000, 0.07786,-0.00000, 0.99696, 0.47339,187.31921,1193.18672,2120.62145,-2.46069, 0.00000, 0.00000,
 8.10000,4050.00000,-0.00000,15000.00000,-0.00000, 4.46549,-0.00000,500.00000, 4.46549, 0.00000,-0.00000,-0.00000,-0.00000, 0.07786,-0.00000, 0.99696, 0.47339,187.31921,1193.18672,2120.62145,-2.46069, 0.00000, 0.00000,
 8.20000,4100.00000,-0.00000,15000.00000,-0.00000, 4.46549,-0.00000,500.00000, 4.46549, 0.00000,-0.00000,-0.00000,-0.00000, 0.07786,-0.00000, 0.99696, 0.47339,187.31921,1193.18672,2120.62145,-2.46069, 0.00000, 0.00000,
 8.30000,4150.00000,-0.00000,15000.00000,-0.00000, 4.46549,-0.00000,500.00000, 4.46549, 0.00000,-0.00000,-0.00000,-0.00000, 0.07786,-0.00000, 0.99696, 0.47339,187.31921,1193.18672,2120.62145,-2.46069, 0.00000, 0.00000,
 8.40000,4200.00000,-0.00000,15000.00000,-0.00000, 4.46549,-0.00000,500.00000, 4.46549, 0.00000,-0.00000,-0.00000,-0.00000, 0.07786,-0.00000, 0.99696, 0.47339,187.31921,1193.18672,2120.62145,-2.46069, 0.00000, 0.00000,
 8.50000,4250.00000,-0.00000,15000.00000,-0.00000, 4.46549,-0.00000,500.00000, 4.46549, 0.00000,-0.00000,-0.00000,-0.00000, 0.07786,-0.00000, 0.99696, 0.47339,187.31921,1193.18672,2120.62145,-2.46069, 0.00000, 0.00000,
 8.60000,4300.00000,-0.00000,15000.00000,-0.00000, 4.46549,-0.00000,500.00000, 4.46549, 0.00000,-0.00000,-0.00000,-0.00000, 0.07786,-0.00000, 0.99696, 0.47339,187.31921,1193.18672,2120.62145,-2.46069, 0.00000, 0.00000,
 8.70000,4350.00000,-0.00000,15000.00000,-0.00000, 4.46549,-0.00000,500.00000, 4.46549, 0.00000,-0.00000,-0.00000,-0.00000, 0.07786,-0.00000, 0.99696, 0.47339,187.31921,1193.18672,2120.62145,-2.46069, 0.00000, 0.00000,
 8.80000,4400.00000,-0.00000,15000.00000,-0.00000, 4.46549,-0.00000,500.00000, 4.46549, 0.00000,-0.00000,-0.00000,-0.00000, 0.07786,-0.00000, 0.99696, 0.47339,187.31921,1193.18672,2120.62145,-2.46069, 0.00000, 0.00000,
 8.90000,4450.00000,-0.00000,15000.00000,-0.00000, 4.46549,-0.00000,500.00000, 4.46549, 0.00000,-0.00000,-0.00000,-0.00000, 0.07786,-0.00000, 0.99696, 0.47339,187.31921,1193.18672,2120.62145,-2.46069, 0.00000, 0.00000,
 9.00000,4500.00000,-0.00000,15000.00000,-0.00000, 4.46549,-0.00000,500.00000, 4.46549, 0.00000,-0.00000,-0.00000,-0.00000, 0.07786,-0.00000, 0.99696, 0.47339,187.31921,1193.18672,2120.62145,-2.46069, 0.00000, 0.00000,
 9.10000,4550.00000,-0.00000,15000.00000,-0.00000, 4.46549,-0.00000,500.00000, 4.46549, 0.00000,-0.00000,-0.00000,-0.00000, 0.07786,-0.00000, 0.99696, 0.47339,187.31921,1193.18672,2120.62145,-2.46069, 0.00000, 0.00000,
 9.20000,4600.00000,-0.00000,15000.00000,-0.00000, 4.46549,-0.00000,500.00000, 4.46549, 0.00000,-0.00000,-0.00000,-0.00000, 0.07786,-0.00000, 0.99696, 0.47339,187.31921,1193.18672,2120.62145,-2.46069, 0.00000, 0.00000,
 9.30000,4650.00000,-0.00000,15000.00000,-0.00000, 4.46549,-0.00000,500.00000, 4.46549, 0.00000,-0.00000,-0.00000,-0.00000, 0.07786,-0.00000, 0.99696, 0.47339,187.31921,1193.18672,2120.62145,-2.46069, 0.00000, 0.00000,
 9.40000,4700.00000,-0.00000,15000.00000,-0.00000, 4.46549,-0.00000,500.00000, 4.46549, 0.00000,-0.00000,-0.00000,-0.00000, 0.07786,-0.00000, 0.99696, 0.47339,187.31921,1193.18672,2120.62145,-2.46069, 0.00000, 0.00000,
 9.50000,4750.00000,-0.00000,15000.00000,-0.00000, 4.46549,-0.00000,500.00000, 4.46549, 0.00000,-0.00000,-0.00000,-0.00000, 0.07786,-0.00000, 0.99696, 0.47339,187.31921,1193.18672,2120.62145,-2.46069, 0.00000, 0.00000,
 9.60000,4800.00000,-0.00000,15000.00000,-0.00000, 4.46549,-0.00000,500.00000, 4.46549, 0.00000,-0.00000,-0.00000,-0.00000, 0.07786,-0.00000, 0.99696, 0.47339,187.31921,1193.18672,2120.62145,-2.46069, 0.00000, 0.00000,
 9.70000,4850.00000,-0.00000,15000.00000,-0.00000, 4.46549,-0.00000,500.00000, 4.46549, 0.00000,-0.00000,-0.00000,-0.00000, 0.07786,-0.00000, 0.99696, 0.47339,187.31921,1193.18672,2120.62145,-2.46069, 0.00000, 0.00000,
 9.80000,4900.00000,-0.00000,15000.00000,-0.00000, 4.46549,-0.00000,500.00000, 4.46549, 0.00000,-0.00000,-0.00000,-0.00000, 0.07786,-0.00000, 0.99696, 0.47339,187.31921,1193.18672,2120.62145,-2.46069, 0.00000, 0.00000,
 9.90000,4950.00000,-0.00000,15000.00000,-0.00000, 4.46549,-0.00000,500.00000, 4.46549, 0.00000,-0.00000,-0.00000,-0.00000, 0.07786,-0.00000, 0.99696, 0.47339,187.31921,1193.18672,2120.62145,-2.46069, 0.00000, 0.00000,
10.00000,5000.00000,-0.00000,15000.00000,-0.00000, 4.46549,-0.00000,500.00000, 4.46549, 0.00000,-0.00000,-0.00000,-0.00000, 0.07786,-0.00000, 0.99696, 0.47339,187.31921,1193.18672,2120.62145,-2.46069, 0.00000, 0.00000,
10.10000,5050.00000,-0.00000,15000.00000,-0.00000, 4.46549,-0.00000,500.00000, 4.46549, 0.00000,-0.00000,-0.00000,-0.00000, 0.07786,-0.00000, 0.99696, 0.47339,187.31921,1193.18672,2120.62145,-2.46069, 0.00000, 0.00000,
10.20000,5100.00000,-0.00000,15000.00000,-0.00000, 4.46549,-0.00000,500.00000, 4.46549, 0.00000,-0.00000,-0.00000,-0.00000, 0.07786,-0.00000, 0.99696, 0.47339,187.31921,1193.18672,2120.62145,-2.46069, 0.00000, 0.00000,
10.30000,5150.00000,-0.00000,15000.00000,-0.00000, 4.46549,-0.00000,500.00000, 4.46549, 0.00000,-0.00000,-0.00000,-0.00000, 0.07786,-0.00000, 0.99696, 0.47339,187.31921,1193.18672,2120.62145,-2.46069, 0.00000, 0.00000,
10.40000,5200.00000,-0.00000,15000.00000,-0.00000, 4.46549,-0.00000,500.00000, 4.46549, 0.00000,-0.00000,-0.00000,-0.00000, 0.07786,-0.00000, 0.99696, 0.47339,187.31921,1193.18672,2120.62145,-2.46069, 0.00000, 0.00000,
10.50000,5250.00000,-0.00000,15000.00000,-0.00000, 4.46549,-0.00000,500.00000, 4.46549, 0.00000,-0.00000,-0.00000,-0.00000, 0.07786,-0.00000, 0.99696, 0.47339,187.31921,1193.18672,2120.62145,-2.46069, 0.00000, 0.00000,
10.60000,5300.00000,-0.00000,15000.00000,-0.00000, 4.46549,-0.00000,500.00000, 4.46549, 0.00000,-0.00000,-0.00000,-0.00000, 0.07786,-0.00000, 0.99696, 0.47339,187.31921,1193.18672,2120.62145,-2.46069, 0.00000, 0.00000,
10.70000,5350.00000,-0.00000,15000.00000,-0.00000, 4.46549,-0.00000,500.00000, 4.46549, 0.00000,-0.00000,-0.00000,-0.00000, 0.07786,-0.00000, 0.99696, 0.47339,187.31921,1193.18672,2120.62145,-2.46069, 0.00000, 0.00000,
10.80000,5400.00000,-0.00000,15000.00000,-0.00000, 4.46549,-0.00000,500.00000, 4.46549, 0.00000,-0.00000,-0.00000,-0.00000, 0.07786,-0.00000, 0.99696, 0.47339,187.31921,1193.18672,2120.62145,-2.46069, 0.00000, 0.00000,
10.90000,5450.00000,-0.00000,15000.00000,-0.00000, 4.46549,-0.00000,500.00000, 4.46549, 0.00000,-0.00000,-0.00000,-0.00000, 0.07786,-0.00000, 0.99696, 0.47339,187.31921,1193.18672,2120.62145,-2.46069, 0.00000, 0.00000,
11.00000,5500.00000,-0.00000,15000.00000,-0.00000, 4.46549,-0.00000,500.00000, 4.46549, 0.00000,-0.00000,-0.00000,-0.00000, 0.07786,-0.00000, 0.99696, 0.47339,187.31921,1193.18672,2120.62145,-2.46069, 0.00000, 0.00000,
11.10000,5550.00000,-0.00000,15000.00000,-0.00000, 4.46549,-0.00000,500.00000, 4.46549, 0.00000,-0.00000,-0.00000,-0.00000, 0.07786,-0.00000, 0.99696, 0.47339,187.31921,1193.18672,2120.62145,-2.46069, 0.00000, 0.00000,
11.20000,5600.00000,-0.00000,15000.00000,-0.00000, 4.46549,-0.00000,500.00000, 4.46549, 0.00000,-0.00000,-0.00000,-0.00000, 0.07786,-0.00000, 0.99696, 0.47339,187.31921,1193.18672,2120.62145,-2.46069, 0.00000, 0.00000,
11.30000,5650.00000,-0.00000,15000.00000,-0.00000, 4.46549,-0.00000,500.00000, 4.46549, 0.00000,-0.00000,-0.00000,-0.00000, 0.07786,-0.00000, 0.99696, 0.47339,187.31921,1193.18672,2120.62145,-2.46069, 0.00000, 0.00000,
11.40000,5700.00000,-0.00000,15000.00000,-0.00000, 4.46549,-0.00000,500.00000, 4.46549, 0.00000,-0.00000,-0.00000,-0.00000, 0.07786,-0.00000, 0.99696, 0.47339,187.31921,1193.18672,2120.62145,-2.46069, 0.00000, 0.00000,
11.50000,5750.00000,-0.00000,15000.00000,-0.00000, 4.46549,-0.00000,500.00000, 4.46549, 0.00000,-0.00000,-0.00000,-0.00000, 0.07786,-0.00000, 0.99696, 0.47339,187.31921,1193.18672,2120.62145,-2.46069, 0.00000, 0.00000,
11.60000,5800.00000,-0.00000,15000.00000,-0.00000, 4.46549,-0.00000,500.00000, 4.46549, 0.00000,-0.00000,-0.00000,-0.00000, 0.07786,-0.00000, 0.99696, 0.47339,187.31921,1193.18672,2120.62145,-2.46069, 0.00000, 0.00000,
11.70000,5850.00000,-0.00000,15000.00000,-0.00000, 4.46549,-0.00000,500.00000, 4.46549, 0.00000,-0.00000,-0.00000,-0.00000, 0.07786,-0.00000, 0.99696, 0.47339,187.31921,1193.18672,2120.62145,-2.46069, 0.00000, 0.00000,
11.80000,5900.00000,-0.00000,15000.00000,-0.00000, 4.46549,-0.00000,500.00000, 4.46549, 0.00000,-0.00000,-0.00000,-0.00000, 0.07786,-0.00000, 0.99696, 0.47339,187.31921,1193.18672,2120.62145,-2.46069, 0.00000, 0.00000,
11.90000,5950.00000,-0.00000,15000.00000,-0.00000, 4.46549,-0.00000,500.00000, 4.46549, 0.00000,-0.00000,-0.00000,-0.00000, 0.07786,-0.00000, 0.99696, 0.47339,187.31921,1193.18672,2120.62145,-2.46069, 0.00000, 0.00000,
12.00000,6000.00000,-0.00000,15000.00000,-0.00000, 4.46549,-0.00000,500.00000, 4.46549, 0.00000,-0.00000,-0.00000,-0.00000, 0.07786,-0.00000, 0.99696, 0.47339,187.31921,1193.18672,2120.62145,-2.46069, 0.00000, 0.00000,
12.10000,6050.00000,-0.00000,15000.00000,-0.00000, 4.46549,-0.00000,500.00000, 4.46549, 0.00000,-0.00000,-0.00000,-0.00000, 0.07786,-0.00000, 0.99696, 0.47339,187.31921,1193.18672,2120.62145,-2.46069, 0.00000, 0.00000,
12.20000,6100.00000,-0.00000,15000.00000,-0.00000, 4.46549,-0.00000,500.00000, 4.46549, 0.00000,-0.00000,-0.00000,-0.00000, 0.07786,-0.00000, 0.99696, 0.47339,187.31921,1193.18672,2120.62145,-2.46069, 0.00000, 0.00000,
12.30000,6150.00000,-0.00000,15000.00000,-0.00000, 4.46549,-0.00000,500.00000, 4.46549, 0.00000,-0.00000,-0.00000,-0.00000, 0.07786,-0.00000, 0.99696, 0.47339,187.31921,1193.18672,2120.62145,-2.46069, 0.00000, 0.00000,
12.40000,6200.00000,-0.00000,15000.00000,-0.00000, 4.46549,-0.00000,500.00000, 4.46549, 0.00000,-0.00000,-0.00000,-0.00000, 0.07786,-0.00000, 0.99696, 0.47339,187.31921,1193.18672,2120.62145,-2.46069, 0.00000, 0.00000,
12.50000,6250.00000,-0.00000,15000.00000,-0.00000, 4.46549,-0.00000,500.00000, 4.46549, 0.00000,-0.00000,-0.00000,-0.00000, 0.07786,-0.00000, 0.99696, 0.47339,187.31921,1193.18672,2120.62145,-2.46069, 0.00000, 0.00000,
12.60000,6300.00000,-0.00000,15000.00000,-0.00000, 4.46549,-0.00000,500.00000, 4.46549, 0.00000,-0.00000,-0.00000,-0.00000, 0.07786,-0.00000, 0.99696, 0.47339,187.31921,1193.18672,2120.62145,-2.46069, 0.00000, 0.00000,
12.70000,6350.00000,-0.00000,15000.00000,-0.00000, 4.46549,-0.00000,500.00000, 4.46549, 0.00000,-0.00000,-0.00000,-0.00000, 0.07786,-0.00000, 0.99696, 0.47339,187.31921,1193.18672,2120.62145,-2.46069, 0.00000, 0.00000,
12.80000,6400.00000,-0.00000,15000.00000,-0.00000, 4.46549,-0.00000,500.00000, 4.46549, 0.00000,-0.00000,-0.00000,-0.00000, 0.07786,-0.00000, 0.99696, 0.47339,187.31921,1193.18672,2120.62145,-2.46069, 0.00000, 0.00000,
12.90000,6450.00000,-0.00000,15000.00000,-0.00000, 4.46549,-0.00000,500.00000, 4.46549, 0.00000,-0.00000,-0.00000,-0.00000, 0.07786,-0.00000, 0.99696, 0.47339,187.31921,1193.18672,2120.62145,-2.46069, 0.00000, 0.00000,
13.00000,6500.00000,-0.00000,15000.00000,-0.00000, 4.46549,-0.00000,500.00000, 4.46549, 0.00000,-0.00000,-0.00000,-0.00000, 0.07786,-0.00000, 0.99696, 0.47339,187.31921,1193.18672,2120.62145,-2.46069, 0.00000, 0.00000,
13.10000,6550.00000,-0.00000,15000.00000,-0.00000, 4.46549,-0.00000,500.00000, 4.46549, 0.00000,-0.00000,-0.00000,-0.00000, 0.07786,-0.00000, 0.99696, 0.47339,187.31921,1193.18672,2120.62145,-2.46069, 0.00000, 0.00000,
13.20000,6600.00000,-0.00000,15000.00000,-0.00000, 4.46549,-0.00000,500.00000, 4.46549, 0.00000,-0.00000,-0.00000,-0.00000, 0.07786,-0.00000, 0.99696, 0.47339,187.31921,1193.18672,2120.62145,-2.46069, 0.00000, 0.00000,
13.30000,6650.00000,-0.00000,15000.00000,-0.00000, 4.46549,-0.00000,500.00000, 4.46549, 0.00000,-0.00000,-0.00000,-0.00000, 0.07786,-0.00000, 0.99696, 0.47339,187.31921,1193.18672,2120.62145,-2.46069, 0.00000, 0.00000,
13.40000,6700.00000,-0.00000,15000.00000,-0.00000, 4.46549,-0.00000,500.00000, 4.46549, 0.00000,-0.00000,-0.00000,-0.00000, 0.07786,-0.00000, 0.99696, 0.47339,187.31921,1193.18672,2120.62145,-2.46069, 0.00000, 0.00000,
13.50000,6750.00000,-0.00000,15000.00000,-0.00000, 4.46549,-0.00000,500.00000, 4.46549, 0.00000,-0.00000,-0.00000,-0.00000, 0.07786,-0.00000, 0.99696, 0.47339,187.31921,1193.18672,2120.62145,-2.46069, 0.00000, 0.00000,
13.60000,6800.00000,-0.00000,15000.00000,-0.00000, 4.46549,-0.00000,500.00000, 4.46549, 0.00000,-0.00000,-0.00000,-0.00000, 0.07786,-0.00000, 0.99696, 0.47339,187.31921,1193.18672,2120.62145,-2.46069, 0.00000, 0.00000,
13.70000,6850.00000,-0.00000,15000.00000,-0.00000, 4.46549,-0.00000,500.00000, 4.46549, 0.00000,-0.00000,-0.00000,-0.00000, 0.07786,-0.00000, 0.99696, 0.47339,187.31921,1193.18672,2120.62145,-2.46069, 0.00000, 0.00000,
13.80000,6900.00000,-0.00000,15000.00000,-0.00000, 4.46549,-0.00000,500.00000, 4.46549, 0.00000,-0.00000,-0.00000,-0.00000, 0.07786,-0.00000, 0.99696, 0.47339,187.31921,1193.18672,2120.62145,-2.46069, 0.00000, 0.00000,
13.90000,6950.00000,-0.00000,15000.00000,-0.00000, 4.46549,-0.00000,500.00000, 4.46549, 0.00000,-0.00000,-0.00000,-0.00000, 0.07786,-0.00000, 0.99696, 0.47339,187.31921,1193.18672,2120.62145,-2.46069, 0.00000, 0.00000,
14.00000,7000.00000,-0.00000,15000.00000,-0.00000, 4.46549,-0.00000,500.00000, 4.46549, 0.00000,-0.00000,-0.00000,-0.00000, 0.07786,-0.00000, 0.99696, 0.47339,187.31921,1193.18672,2120.62145,-2.46069, 0.00000, 0.00000,
14.10000,7050.00000,-0.00000,15000.00000,-0.00000, 4.46549,-0.00000,500.00000, 4.46549, 0.00000,-0.00000,-0.00000,-0.00000, 0.07786,-0.00000, 0.99696, 0.47339,187.31921,1193.18672,2120.62145,-2.46069, 0.00000, 0.00000,
14.20000,7100.00000,-0.00000,15000.00000,-0.00000, 4.46549,-0.00000,500.00000, 4.46549, 0.00000,-0.00000,-0.00000,-0.00000, 0.07786,-0.00000, 0.99696, 0.47339,187.31921,1193.18672,2120.62145,-2.46069, 0.00000, 0.00000,
14.30000,7150.00000,-0.00000,15000.00000,-0.00000, 4.46549,-0.00000,500.00000, 4.46549, 0.00000,-0.00000,-0.00000,-0.00000, 0.07786,-0.00000, 0.99696, 0.47339,187.31921,1193.18672,2120.62145,-2.46069, 0.00000, 0.00000,
14.40000,7200.00000,-0.00000,15000.00000,-0.00000, 4.46549,-0.00000,500.00000, 4.46549, 0.00000,-0.00000,-0.00000,-0.00000, 0.07786,-0.00000, 0.99696, 0.47339,187.31921,1193.18672,2120.62145,-2.46069, 0.00000, 0.00000,
14.50000,7250.00000,-0.00000,15000.00000,-0.00000, 4.46549,-0.00000,500.00000, 4.46549, 0.00000,-0.00000,-0.00000,-0.00000, 0.07786,-0.00000, 0.99696, 0.47339,187.31921,1193.18672,2120.62145,-2.46069, 0.00000, 0.00000,
14.60000,7300.00000,-0.00000,15000.00000,-0.00000, 4.46549,-0.00000,500.00000, 4.46549, 0.00000,-0.00000,-0.00000,-0.00000, 0.07786,-0.00000, 0.99696, 0.47339,187.31921,1193.18672,2120.62145,-2.46069, 0.00000, 0.00000,
14.70000,7350.00000,-0.00000,15000.00000,-0.00000, 4.46549,-0.00000,500.00000, 4.46549, 0.00000,-0.00000,-0.00000,-0.00000, 0.07786,-0.00000, 0.99696, 0.47339,187.31921,1193.18672,2120.62145,-2.46069, 0.00000, 0.00000,
14.80000,7400.00000,-0.00000,15000.00000,-0.00000, 4.46549,-0.00000,500.00000, 4.46549, 0.00000,-0.00000,-0.00000,-0.00000, 0.07786,-0.00000, 0.99696, 0.47339,187.31921,1193.18672,2120.62145,-2.46069, 0.00000, 0.00000,
14.90000,7450.00000,-0.00000,15000.00000,-0.00000, 4.46549,-0.00000,500.00000, 4.46549, 0.00000,-0.00000,-0.00000,-0.00000, 0.07786,-0.00000, 0.99696, 0.47339,187.31921,1193.18672,2120.62145,-2.46069, 0.00000, 0.00000,
15.00000,7500.00000,-0.00000,15000.00000,-0.00000, 4.46549,-0.00000,500.00000, 4.46549, 0.00000,-0.00000,-0.00000,-0.00000, 0.07786,-0.00000, 0.99696, 0.47339,187.31921,1193.18672,2120.62145,-2.46069, 0.00000, 0.00000,
15.10000,7550.00000,-0.00000,15000.00000,-0.00000, 4.46549,-0.00000,500.00000, 4.46549, 0.00000,-0.00000,-0.00000,-0.00000, 0.07786,-0.00000, 0.99696, 0.47339,187.31921,1193.18672,2120.62145,-2.46069, 0.00000, 0.00000,
15.20000,7600.00000,-0.00000,15000.00000,-0.00000, 4.46549,-0.00000,500.00000, 4.46549, 0.00000,-0.00000,-0.00000,-0.00000, 0.07786,-0.00000, 0.99696, 0.47339,187.31921,1193.18672,2120.62145,-2.46069, 0.00000, 0.00000,
15.30000,7650.00000,-0.00000,15000.00000,-0.00000, 4.46549,-0.00000,500.00000, 4.46549, 0.00000,-0.00000,-0.00000,-0.00000, 0.07786,-0.00000, 0.99696, 0.47339,187.31921,1193.18672,2120.62145,-2.46069, 0.00000, 0.00000,
15.40000,7700.00000,-0.00000,15000.00000,-0.00000, 4.46549,-0.00000,500.00000, 4.46549, 0.00000,-0.00000,-0.00000,-0.00000, 0.07786,-0.00000, 0.99696, 0.47339,187.31921,1193.18672,2120.62145,-2.46069, 0.00000, 0.00000,
15.50000,7750.00000,-0.00000,15000.00000,-0.00000, 4.46549,-0.00000,500.00000, 4.46549, 0.00000,-0.00000,-0.00000,-0.00000, 0.07786,-0.00000, 0.99696, 0.47339,187.31921,1193.18672,2120.62145,-2.46069, 0.00000, 0.00000,
15.60000,7800.00000,-0.00000,15000.00000,-0.00000, 4.46549,-0.00000,500.00000, 4.46549, 0.00000,-0.00000,-0.00000,-0.00000, 0.07786,-0.00000, 0.99696, 0.47339,187.31921,1193.18672,2120.62145,-2.46069, 0.00000, 0.00000,
15.70000,7850.00000,-0.00000,15000.00000,-0.00000, 4.46549,-0.00000,500.00000, 4.46549, 0.00000,-0.00000,-0.00000,-0.00000, 0.07786,-0.00000, 0.99696, 0.47339,187.31921,1193.18672,2120.62145,-2.46069, 0.00000, 0.00000,
15.80000,7900.00000,-0.00000,15000.00000,-0.00000, 4.46549,-0.00000,500.00000, 4.46549, 0.00000,-0.00000,-0.00000,-0.00000, 0.07786,-0.00000, 0.99696, 0.47339,187.31921,1193.18672,2120.62145,-2.46069, 0.00000, 0.00000,
15.90000,7950.00000,-0.00000,15000.00000,-0.00000, 4.46549,-0.00000,500.00000, 4.46549, 0.00000,-0.00000,-0.00000,-0.00000, 0.07786,-0.00000, 0.99696, 0.47339,187.31921,1193.18672,2120.62145,-2.46069, 0.00000, 0.00000,
16.00000,8000.00000,-0.00000,15000.00000,-0.00000, 4.46549,-0.00000,500.00000, 4.46549, 0.00000,-0.00000,-0.00000,-0.00000, 0.07786,-0.00000, 0.99696, 0.47339,187.31921,1193.18672,2120.62145,-2.46069, 0.00000, 0.00000,
16.10000,8050.00000,-0.00000,15000.00000,-0.00000, 4.46549,-0.00000,500.00000, 4.46549, 0.00000,-0.00000,-0.00000,-0.00000, 0.07786,-0.00000, 0.99696, 0.47339,187.31921,1193.18672,2120.62145,-2.46069, 0.00000, 0.00000,
16.20000,8100.00000,-0.00000,15000.00000,-0.00000, 4.46549,-0.00000,500.00000, 4.46549, 0.00000,-0.00000,-0.00000,-0.00000, 0.07786,-0.00000, 0.99696, 0.47339,187.31921,1193.18672,2120.62145,-2.46069, 0.00000, 0.00000,
16.30000,8150.00000,-0.00000,15000.00000,-0.00000, 4.46549,-0.00000,500.00000, 4.46549, 0.00000,-0.00000,-0.00000,-0.00000, 0.07786,-0.00000, 0.99696, 0.47339,187.31921,1193.18672,2120.62145,-2.46069, 0.00000, 0.00000,
16.40000,8200.00000,-0.00000,15000.00000,-0.00000, 4.46549,-0.00000,500.00000, 4.46549, 0.00000,-0.00000,-0.00000,-0.00000, 0.07786,-0.00000, 0.99696, 0.47339,187.31921,1193.18672,2120.62145,-2.46069, 0.00000, 0.00000,
16.50000,8250.00000,-0.00000,15000.00000,-0.00000, 4.46549,-0.00000,500.00000, 4.46549, 0.00000,-0.00000,-0.00000,-0.00000, 0.07786,-0.00000, 0.99696, 0.47339,187.31921,1193.18672,2120.62145,-2.46069, 0.00000, 0.00000,
16.60000,8300.00000,-0.00000,15000.00000,-0.00000, 4.46549,-0.00000,500.00000, 4.46549, 0.00000,-0.00000,-0.00000,-0.00000, 0.07786,-0.00000, 0.99696, 0.47339,187.31921,1193.18672,2120.62145,-2.46069, 0.00000, 0.00000,
16.70000,8350.00000,-0.00000,15000.00000,-0.00000, 4.46549,-0.00000,500.00000, 4.46549, 0.00000,-0.00000,-0.00000,-0.00000, 0.07786,-0.00000, 0.99696, 0.47339,187.31921,1193.18672,2120.62145,-2.46069, 0.00000, 0.00000,
16.80000,8400.00000,-0.00000,15000.00000,-0.00000, 4.46549,-0.00000,500.00000, 4.46549, 0.00000,-0.00000,-0.00000,-0.00000, 0.07786,-0.00000, 0.99696, 0.47339,187.31921,1193.18672,2120.62145,-2.46069, 0.00000, 0.00000,
16.90000,8450.00000,-0.00000,15000.00000,-0.00000, 4.46549,-0.00000,500.00000, 4.46549, 0.00000,-0.00000,-0.00000,-0.00000, 0.07786,-0.00000, 0.99696, 0.47339,187.31921,1193.18672,2120.62145,-2.46069, 0.00000, 0.00000,
17.00000,8500.00000,-0.00000,15000.00000,-0.00000, 4.46549,-0.00000,500.00000, 4.46549, 0.00000,-0.00000,-0.00000,-0.00000, 0.07786,-0.00000, 0.99696, 0.47339,187.31921,1193.18672,2120.62145,-2.46069, 0.00000, 0.00000,
17.10000,8550.00000,-0.00000,15000.00000,-0.00000, 4.46549,-0.00000,500.00000, 4.46549, 0.00000,-0.00000,-0.00000,-0.00000, 0.07786,-0.00000, 0.99696, 0.47339,187.31921,1193.18672,2120.62145,-2.46069, 0.00000, 0.00000,
17.20000,8600.00000,-0.00000,15000.00000,-0.00000, 4.46549,-0.00000,500.00000, 4.46549, 0.00000,-0.00000,-0.00000,-0.00000, 0.07786,-0.00000, 0.99696, 0.47339,187.31921,1193.18672,2120.62145,-2.46069, 0.00000, 0.00000,
17.30000,8650.00000,-0.00000,15000.00000,-0.00000, 4.46549,-0.00000,500.00000, 4.46549, 0.00000,-0.00000,-0.00000,-0.00000, 0.07786,-0.00000, 0.99696, 0.47339,187.31921,1193.18672,2120.62145,-2.46069, 0.00000, 0.00000,
17.40000,8700.00000,-0.00000,15000.00000,-0.00000, 4.46549,-0.00000,500.00000, 4.46549, 0.00000,-0.00000,-0.00000,-0.00000, 0.07786,-0.00000, 0.99696, 0.47339,187.31921,1193.18672,2120.62145,-2.46069, 0.00000, 0.00000,
17.50000,8750.00000,-0.00000,15000.00000,-0.00000, 4.46549,-0.00000,500.00000, 4.46549, 0.00000,-0.00000,-0.00000,-0.00000, 0.07786,-0.00000, 0.99696, 0.47339,187.31921,1193.18672,2120.62145,-2.46069, 0.00000, 0.00000,
17.60000,8800.00000,-0.00000,15000.00000,-0.00000, 4.46549,-0.00000,500.00000, 4.46549, 0.00000,-0.00000,-0.00000,-0.00000, 0.07786,-0.00000, 0.99696, 0.47339,187.31921,1193.18672,2120.62145,-2.46069, 0.00000, 0.00000,
17.70000,8850.00000,-0.00000,15000.00000,-0.00000, 4.46549,-0.00000,500.00000, 4.46549, 0.00000,-0.00000,-0.00000,-0.00000, 0.07786,-0.00000, 0.99696, 0.47339,187.31921,1193.18672,2120.62145,-2.46069, 0.00000, 0.00000,
17.80000,8900.00000,-0.00000,15000.00000,-0.00000, 4.46549,-0.00000,500.00000, 4.46549, 0.00000,-0.00000,-0.00000,-0.00000, 0.07786,-0.00000, 0.99696, 0.47339,187.31921,1193.18672,2120.62145,-2.46069, 0.00000, 0.00000,
17.90000,8950.00000,-0.00000,15000.00000,-0.00000, 4.46549,-0.00000,500.00000, 4.46549, 0.00000,-0.00000,-0.00000,-0.00000, 0.07786,-0.00000, 0.99696, 0.47339,187.31921,1193.18672,2120.62145,-2.46069, 0.00000, 0.00000,
18.00000,9000.00000,-0.00000,15000.00000,-0.00000, 4.46549,-0.00000,500.00000, 4.46549, 0.00000,-0.00000,-0.00000,-0.00000, 0.07786,-0.00000, 0.99696, 0.47339,187.31921,1193.18672,2120.62145,-2.46069, 0.00000, 0.00000,
18.10000,9050.00000,-0.00000,15000.00000,-0.00000, 4.46549,-0.00000,500.00000, 4.46549, 0.00000,-0.00000,-0.00000,-0.00000, 0.07786,-0.00000, 0.99696, 0.47339,187.31921,1193.18672,2120.62145,-2.46069, 0.00000, 0.00000,
18.20000,9100.00000,-0.00000,15000.00000,-0.00000, 4.46549,-0.00000,500.00000, 4.46549, 0.00000,-0.00000,-0.00000,-0.00000, 0.07786,-0.00000, 0.99696, 0.47339,187.31921,1193.18672,2120.62145,-2.46069, 0.00000, 0.00000,
18.30000,9150.00000,-0.00000,15000.00000,-0.00000, 4.46549,-0.00000,500.00000, 4.46549, 0.00000,-0.00000,-0.00000,-0.00000, 0.07786,-0.00000, 0.99696, 0.47339,187.31921,1193.18672,2120.62145,-2.46069, 0.00000, 0.00000,
18.40000,9200.00000,-0.00000,15000.00000,-0.00000, 4.46549,-0.00000,500.00000, 4.46549, 0.00000,-0.00000,-0.00000,-0.00000, 0.07786,-0.00000, 0.99696, 0.47339,187.31921,1193.18672,2120.62145,-2.46069, 0.00000, 0.00000,
18.50000,9250.00000,-0.00000,15000.00000,-0.00000, 4.46549,-0.00000,500.00000, 4.46549, 0.00000,-0.00000,-0.00000,-0.00000, 0.07786,-0.00000, 0.99696, 0.47339,187.31921,1193.18672,2120.62145,-2.46069, 0.00000, 0.00000,
18.60000,9300.00000,-0.00000,15000.00000,-0.00000, 4.46549,-0.00000,500.00000, 4.46549, 0.00000,-0.00000,-0.00000,-0.00000, 0.07786,-0.00000, 0.99696, 0.47339,187.31921,1193.18672,2120.62145,-2.46069, 0.00000, 0.00000,
18.70000,9350.00000,-0.00000,15000.00000,-0.00000, 4.46549,-0.00000,500.00000, 4.46549, 0.00000,-0.00000,-0.00000,-0.00000, 0.07786,-0.00000, 0.99696, 0.47339,187.31921,1193.18672,2120.62145,-2.46069, 0.00000, 0.00000,
18.80000,9400.00000,-0.00000,15000.00000,-0.00000, 4.46549,-0.00000,500.00000, 4.46549, 0.00000,-0.00000,-0.00000,-0.00000, 0.07786,-0.00000, 0.99696, 0.47339,187.31921,1193.18672,2120.62145,-2.46069, 0.00000, 0.00000,
18.90000,9450.00000,-0.00000,15000.00000,-0.00000, 4.46549,-0.00000,500.00000, 4.46549, 0.00000,-0.00000,-0.00000,-0.00000, 0.07786,-0.00000, 0.99696, 0.47339,187.31921,1193.18672,2120.62145,-2.46069, 0.00000, 0.00000,
19.00000,9500.00000,-0.00000,15000.00000,-0.00000, 4.46549,-0.00000,500.00000, 4.46549, 0.00000,-0.00000,-0.00000,-0.00000, 0.07786,-0.00000, 0.99696, 0.47339,187.31921,1193.18672,2120.62145,-2.46069, 0.00000, 0.00000,
19.10000,9550.00000,-0.00000,15000.00000,-0.00000, 4.46549,-0.00000,500.00000, 4.46549, 0.00000,-0.00000,-0.00000,-0.00000, 0.07786,-0.00000, 0.99696, 0.47339,187.31921,1193.18672,2120.62145,-2.46069, 0.00000, 0.00000,
19.20000,9600.00000,-0.00000,15000.00000,-0.00000, 4.46549,-0.00000,500.00000, 4.46549, 0.00000,-0.00000,-0.00000,-0.00000, 0.07786,-0.00000, 0.99696, 0.47339,187.31921,1193.18672,2120.62145,-2.46069, 0.00000, 0.00000,
19.30000,9650.00000,-0.00000,15000.00000,-0.00000, 4.46549,-0.00000,500.00000, 4.46549, 0.00000,-0.00000,-0.00000,-0.00000, 0.07786,-0.00000, 0.99696, 0.47339,187.31921,1193.18672,2120.62145,-2.46069, 0.00000, 0.00000,
19.40000,9700.00000,-0.00000,15000.00000,-0.00000, 4.46549,-0.00000,500.00000, 4.46549, 0.00000,-0.00000,-0.00000,-0.00000, 0.07786,-0.00000, 0.99696, 0.47339,187.31921,1193.18672,2120.62145,-2.46069, 0.00000, 0.00000,
19.50000,9750.00000,-0.00000,15000.00000,-0.00000, 4.46549,-0.00000,500.00000, 4.46549, 0.00000,-0.00000,-0.00000,-0.00000, 0.07786,-0.00000, 0.99696, 0.47339,187.31921,1193.18672,2120.62145,-2.46069, 0.00000, 0.00000,
19.60000,9800.00000,-0.00000,15000.00000,-0.00000, 4.46549,-0.00000,500.00000, 4.46549, 0.00000,-0.00000,-0.00000,-0.00000, 0.07786,-0.00000, 0.99696, 0.47339,187.31921,1193.18672,2120.62145,-2.46069, 0.00000, 0.00000,
19.70000,9850.00000,-0.00000,15000.00000,-0.00000, 4.46549,-0.00000,500.00000, 4.46549, 0.00000,-0.00000,-0.00000,-0.00000, 0.07786,-0.00000, 0.99696, 0.47339,187.31921,1193.18672,2120.62145,-2.46069, 0.00000, 0.00000,
19.80000,9900.00000,-0.00000,15000.00000,-0.00000, 4.46549,-0.00000,500.00000, 4.46549, 0.00000,-0.00000,-0.00000,-0.00000, 0.07786,-0.00000, 0.99696, 0.47339,187.31921,1193.18672,2120.62145,-2.46069, 0.00000, 0.00000,
19.90000,9950.00000,-0.00000,15000.00000,-0.00000, 4.46549,-0.00000,500.00000, 4.46549, 0.00000,-0.00000,-0.00000,-0.00000, 0.07786,-0.00000, 0.99696, 0.47339,187.31921,1193.18672,2120.62145,-2.46069, 0.00000, 0.00000,
20.00000,10000.00000,-0.00000,15000.00000,-0.00000, 4.46549,-0.00000,500.00000, 4.46549, 0.00000,-0.00000,-0.00000,-0.00000, 0.07786,-0.00000, 0.99696, 0.47339,187.31921,1193.18672,2120.62145,-2.46069, 0.00000, 0.00000,
20.10000,10050.00000,-0.00000,15000.00000,-0.00000, 4.46549,-0.00000,500.00000, 4.46549, 0.00000,-0.00000,-0.00000,-0.00000, 0.07786,-0.00000, 0.99696, 0.47339,187.31921,1193.18672,2120.62145,-2.46069, 0.00000, 0.00000,
20.20000,10100.00000,-0.00000,15000.00000,-0.00000, 4.46549,-0.00000,500.00000, 4.46549, 0.00000,-0.00000,-0.00000,-0.00000, 0.07786,-0.00000, 0.99696, 0.47339,187.31921,1193.18672,2120.62145,-2.46069, 0.00000, 0.00000,
20.30000,10150.00000,-0.00000,15000.00000,-0.00000, 4.46549,-0.00000,500.00000, 4.46549, 0.00000,-0.00000,-0.00000,-0.00000, 0.07786,-0.00000, 0.99696, 0.47339,187.31921,1193.18672,2120.62145,-2.46069, 0.00000, 0.00000,
20.40000,10200.00000,-0.00000,15000.00000,-0.00000, 4.46549,-0.00000,500.00000, 4.46549, 0.00000,-0.00000,-0.00000,-0.00000, 0.07786,-0.00000, 0.99696, 0.47339,187.31921,1193.18672,2120.62145,-2.46069, 0.00000, 0.00000,
20.50000,10250.00000,-0.00000,15000.00000,-0.00000, 4.46549,-0.00000,500.00000, 4.46549, 0.00000,-0.00000,-0.00000,-0.00000, 0.07786,-0.00000, 0.99696, 0.47339,187.31921,1193.18672,2120.62145,-2.46069, 0.00000, 0.00000,
20.60000,10300.00000,-0.00000,15000.00000,-0.00000, 4.46549,-0.00000,500.00000, 4.46549, 0.00000,-0.00000,-0.00000,-0.00000, 0.07786,-0.00000, 0.99696, 0.47339,187.31921,1193.18672,2120.62145,-2.46069, 0.00000, 0.00000,
20.70000,10350.00000,-0.00000,15000.00000,-0.00000, 4.46549,-0.00000,500.00000, 4.46549, 0.00000,-0.00000,-0.00000,-0.00000, 0.07786,-0.00000, 0.99696, 0.47339,187.31921,1193.18672,2120.62145,-2.46069, 0.00000, 0.00000,
20.80000,10400.00000,-0.00000,15000.00000,-0.00000, 4.46549,-0.00000,500.00000, 4.46549, 0.00000,-0.00000,-0.00000,-0.00000, 0.07786,-0.00000, 0.99696, 0.47339,187.31921,1193.18672,2120.62145,-2.46069, 0.00000, 0.00000,
20.90000,10450.00000,-0.00000,15000.00000,-0.00000, 4.46549,-0.00000,500.00000, 4.46549, 0.00000,-0.00000,-0.00000,-0.00000, 0.07786,-0.00000, 0.99696, 0.47339,187.31921,1193.18672,2120.62145,-2.46069, 0.00000, 0.00000,
21.00000,10500.00000,-0.00000,15000.00000,-0.00000, 4.46549,-0.00000,500.00000, 4.46549, 0.00000,-0.00000,-0.00000,-0.00000, 0.07786,-0.00000, 0.99696, 0.47339,187.31921,1193.18672,2120.62145,-2.46069, 0.00000, 0.00000,
21.10000,10550.00000,-0.00000,15000.00000,-0.00000, 4.46549,-0.00000,500.00000, 4.46549, 0.00000,-0.00000,-0.00000,-0.00000, 0.07786,-0.00000, 0.99696, 0.47339,187.31921,1193.18672,2120.62145,-2.46069, 0.00000, 0.00000,
21.20000,10600.00000,-0.00000,15000.00000,-0.00000, 4.46549,-0.00000,500.00000, 4.46549, 0.00000,-0.00000,-0.00000,-0.00000, 0.07786,-0.00000, 0.99696, 0.47339,187.31921,1193.18672,2120.62145,-2.46069, 0.00000, 0.00000,
21.30000,10650.00000,-0.00000,15000.00000,-0.00000, 4.46549,-0.00000,500.00000, 4.46549, 0.00000,-0.00000,-0.00000,-0.00000, 0.07786,-0.00000, 0.99696, 0.47339,187.31921,1193.18672,2120.62145,-2.46069, 0.00000, 0.00000,
21.40000,10700.00000,-0.00000,15000.00000,-0.00000, 4.46549,-0.00000,500.00000, 4.46549, 0.00000,-0.00000,-0.00000,-0.00000, 0.07786,-0.00000, 0.99696, 0.47339,187.31921,1193.18672,2120.62145,-2.46069, 0.00000, 0.00000,
21.50000,10750.00000,-0.00000,15000.00000,-0.00000, 4.46549,-0.00000,500.00000, 4.46549, 0.00000,-0.00000,-0.00000,-0.00000, 0.07786,-0.00000, 0.99696, 0.47339,187.31921,1193.18672,2120.62145,-2.46069, 0.00000, 0.00000,
21.60000,10800.00000,-0.00000,15000.00000,-0.00000, 4.46549,-0.00000,500.00000, 4.46549, 0.00000,-0.00000,-0.00000,-0.00000, 0.07786,-0.00000, 0.99696, 0.47339,187.31921,1193.18672,2120.62145,-2.46069, 0.00000, 0.00000,
21.70000,10850.00000,-0.00000,15000.00000,-0.00000, 4.46549,-0.00000,500.00000, 4.46549, 0.00000,-0.00000,-0.00000,-0.00000, 0.07786,-0.00000, 0.99696, 0.47339,187.31921,1193.18672,2120.62145,-2.46069, 0.00000, 0.00000,
21.80000,10900.00000,-0.00000,15000.00000,-0.00000, 4.46549,-0.00000,500.00000, 4.46549, 0.00000,-0.00000,-0.00000,-0.00000, 0.07786,-0.00000, 0.99696, 0.47339,187.31921,1193.18672,2120.62145,-2.46069, 0.00000, 0.00000,
21.90000,10950.00000,-0.00000,15000.00000,-0.00000, 4.46549,-0.00000,500.00000, 4.46549, 0.00000,-0.00000,-0.00000,-0.00000, 0.07786,-0.00000, 0.99696, 0.47339,187.31921,1193.18672,2120.62145,-2.46069, 0.00000, 0.00000,
22.00000,11000.00000,-0.00000,15000.00000,-0.00000, 4.46549,-0.00000,500.00000, 4.46549, 0.00000,-0.00000,-0.00000,-0.00000, 0.07786,-0.00000, 0.99696, 0.47339,187.31921,1193.18672,2120.62145,-2.46069, 0.00000, 0.00000,
22.10000,11050.00000,-0.00000,15000.00000,-0.00000, 4.46549,-0.00000,500.00000, 4.46549, 0.00000,-0.00000,-0.00000,-0.00000, 0.07786,-0.00000, 0.99696, 0.47339,187.31921,1193.18672,2120.62145,-2.46069, 0.00000, 0.00000,
22.20000,11100.00000,-0.00000,15000.00000,-0.00000, 4.46549,-0.00000,500.00000, 4.46549, 0.00000,-0.00000,-0.00000,-0.00000, 0.07786,-0.00000, 0.99696, 0.47339,187.31921,1193.18672,2120.62145,-2.46069, 0.00000, 0.00000,
22.30000,11150.00000,-0.00000,15000.00000,-0.00000, 4.46549,-0.00000,500.00000, 4.46549, 0.00000,-0.00000,-0.00000,-0.00000, 0.07786,-0.00000, 0.99696, 0.47339,187.31921,1193.18672,2120.62145,-2.46069, 0.00000, 0.00000,
22.40000,11200.00000,-0.00000,15000.00000,-0.00000, 4.46549,-0.00000,500.00000, 4.46549, 0.00000,-0.00000,-0.00000,-0.00000, 0.07786,-0.00000, 0.99696, 0.47339,187.31921,1193.18672,2120.62145,-2.46069, 0.00000, 0.00000,
22.50000,11250.00000,-0.00000,15000.00000,-0.00000, 4.46549,-0.00000,500.00000, 4.46549, 0.00000,-0.00000,-0.00000,-0.00000, 0.07786,-0.00000, 0.99696, 0.47339,187.31921,1193.18672,2120.62145,-2.46069, 0.00000, 0.00000,
22.60000,11300.00000,-0.00000,15000.00000,-0.00000, 4.46549,-0.00000,500.00000, 4.46549, 0.00000,-0.00000,-0.00000,-0.00000, 0.07786,-0.00000, 0.99696, 0.47339,187.31921,1193.18672,2120.62145,-2.46069, 0.00000, 0.00000,
22.70000,11350.00000,-0.00000,15000.00000,-0.00000, 4.46549,-0.00000,500.00000, 4.46549, 0.00000,-0.00000,-0.00000,-0.00000, 0.07786,-0.00000, 0.99696, 0.47339,187.31921,1193.18672,2120.62145,-2.46069, 0.00000, 0.00000,
22.80000,11400.00000,-0.00000,15000.00000,-0.00000, 4.46549,-0.00000,500.00000, 4.46549, 0.00000,-0.00000,-0.00000,-0.00000, 0.07786,-0.00000, 0.99696, 0.47339,187.31921,1193.18672,2120.62145,-2.46069, 0.00000, 0.00000,
22.90000,11450.00000,-0.00000,15000.00000,-0.00000, 4.46549,-0.00000,500.00000, 4.46549, 0.00000,-0.00000,-0.00000,-0.00000, 0.07786,-0.00000, 0.99696, 0.47339,187.31921,1193.18672,2120.62145,-2.46069, 0.00000, 0.00000,
23.00000,11500.00000,-0.00000,15000.00000,-0.00000, 4.46549,-0.00000,500.00000, 4.46549, 0.00000,-0.00000,-0.00000,-0.00000, 0.07786,-0.00000, 0.99696, 0.47339,187.31921,1193.18672,2120.62145,-2.46069, 0.00000, 0.00000,
23.10000,11550.00000,-0.00000,15000.00000,-0.00000, 4.46549,-0.00000,500.00000, 4.46549, 0.00000,-0.00000,-0.00000,-0.00000, 0.07786,-0.00000, 0.99696, 0.47339,187.31921,1193.18672,2120.62145,-2.46069, 0.00000, 0.00000,
23.20000,11600.00000,-0.00000,15000.00000,-0.00000, 4.46549,-0.00000,500.00000, 4.46549, 0.00000,-0.00000,-0.00000,-0.00000, 0.07786,-0.00000, 0.99696, 0.47339,187.31921,1193.18672,2120.62145,-2.46069, 0.00000, 0.00000,
23.30000,11650.00000,-0.00000,15000.00000,-0.00000, 4.46549,-0.00000,500.00000, 4.46549, 0.00000,-0.00000,-0.00000,-0.00000, 0.07786,-0.00000, 0.99696, 0.47339,187.31921,1193.18672,2120.62145,-2.46069, 0.00000, 0.00000,
23.40000,11700.00000,-0.00000,15000.00000,-0.00000, 4.46549,-0.00000,500.00000, 4.46549, 0.00000,-0.00000,-0.00000,-0.00000, 0.07786,-0.00000, 0.99696, 0.47339,187.31921,1193.18672,2120.62145,-2.46069, 0.00000, 0.00000,
23.50000,11750.00000,-0.00000,15000.00000,-0.00000, 4.46549,-0.00000,500.00000, 4.46549, 0.00000,-0.00000,-0.00000,-0.00000, 0.07786,-0.00000, 0.99696, 0.47339,187.31921,1193.18672,2120.62145,-2.46069, 0.00000, 0.00000,
23.60000,11800.00000,-0.00000,15000.00000,-0.00000, 4.46549,-0.00000,500.00000, 4.46549, 0.00000,-0.00000,-0.00000,-0.00000, 0.07786,-0.00000, 0.99696, 0.47339,187.31921,1193.18672,2120.62145,-2.46069, 0.00000, 0.00000,
23.70000,11850.00000,-0.00000,15000.00000,-0.00000, 4.46549,-0.00000,500.00000, 4.46549, 0.00000,-0.00000,-0.00000,-0.00000, 0.07786,-0.00000, 0.99696, 0.47339,187.31921,1193.18672,2120.62145,-2.46069, 0.00000, 0.00000,
23.80000,11900.00000,-0.00000,15000.00000,-0.00000, 4.46549,-0.00000,500.00000, 4.46549, 0.00000,-0.00000,-0.00000,-0.00000, 0.07786,-0.00000, 0.99696, 0.47339,187.31921,1193.18672,2120.62145,-2.46069, 0.00000, 0.00000,
23.90000,11950.00000,-0.00000,15000.00000,-0.00000, 4.46549,-0.00000,500.00000, 4.46549, 0.00000,-0.00000,-0.00000,-0.00000, 0.07786,-0.00000, 0.99696, 0.47339,187.31921,1193.18672,2120.62145,-2.46069, 0.00000, 0.00000,
24.00000,12000.00000,-0.00000,15000.00000,-0.00000, 4.46549,-0.00000,500.00000, 4.46549, 0.00000,-0.00000,-0.00000,-0.00000, 0.07786,-0.00000, 0.99696, 0.47339,187.31921,1193.18672,2120.62145,-2.46069, 0.00000, 0.00000,
24.10000,12050.00000,-0.00000,15000.00000,-0.00000, 4.46549,-0.00000,500.00000, 4.46549, 0.00000,-0.00000,-0.00000,-0.00000, 0.07786,-0.00000, 0.99696, 0.47339,187.31921,1193.18672,2120.62145,-2.46069, 0.00000, 0.00000,
24.20000,12100.00000,-0.00000,15000.00000,-0.00000, 4.46549,-0.00000,500.00000, 4.46549, 0.00000,-0.00000,-0.00000,-0.00000, 0.07786,-0.00000, 0.99696, 0.47339,187.31921,1193.18672,2120.62145,-2.46069, 0.00000, 0.00000,
24.30000,12150.00000,-0.00000,15000.00000,-0.00000, 4.46549,-0.00000,500.00000, 4.46549, 0.00000,-0.00000,-0.00000,-0.00000, 0.07786,-0.00000, 0.99696, 0.47339,187.31921,1193.18672,2120.62145,-2.46069, 0.00000, 0.00000,
24.40000,12200.00000,-0.00000,15000.00000,-0.00000, 4.46549,-0.00000,500.00000, 4.46549, 0.00000,-0.00000,-0.00000,-0.00000, 0.07786,-0.00000, 0.99696, 0.47339,187.31921,1193.18672,2120.62145,-2.46069, 0.00000, 0.00000,
24.50000,12250.00000,-0.00000,15000.00000,-0.00000, 4.46549,-0.00000,500.00000, 4.46549, 0.00000,-0.00000,-0.00000,-0.00000, 0.07786,-0.00000, 0.99696, 0.47339,187.31921,1193.18672,2120.62145,-2.46069, 0.00000, 0.00000,
24.60000,12300.00000,-0.00000,15000.00000,-0.00000, 4.46549,-0.00000,500.00000, 4.46549, 0.00000,-0.00000,-0.00000,-0.00000, 0.07786,-0.00000, 0.99696, 0.47339,187.31921,1193.18672,2120.62145,-2.46069, 0.00000, 0.00000,
24.70000,12350.00000,-0.00000,15000.00000,-0.00000, 4.46549,-0.00000,500.00000, 4.46549, 0.00000,-0.00000,-0.00000,-0.00000, 0.07786,-0.00000, 0.99696, 0.47339,187.31921,1193.18672,2120.62145,-2.46069, 0.00000, 0.00000,
24.80000,12400.00000,-0.00000,15000.00000,-0.00000, 4.46549,-0.00000,500.00000, 4.46549, 0.00000,-0.00000,-0.00000,-0.00000, 0.07786,-0.00000, 0.99696, 0.47339,187.31921,1193.18672,2120.62145,-2.46069, 0.00000, 0.00000,
24.90000,12450.00000,-0.00000,15000.00000,-0.00000, 4.46549,-0.00000,500.00000, 4.46549, 0.00000,-0.00000,-0.00000,-0.00000, 0.07786,-0.00000, 0.99696, 0.47339,187.31921,1193.18672,2120.62145,-2.46069, 0.00000, 0.00000,
25.00000,12500.00000,-0.00000,15000.00000,-0.00000, 4.46549,-0.00000,500.00000, 4.46549, 0.00000,-0.00000,-0.00000,-0.00000, 0.07786,-0.00000, 0.99696, 0.47339,187.31921,1193.18672,2120.62145,-2.46069, 0.00000, 0.00000,
25.10000,12550.00000,-0.00000,15000.00000,-0.00000, 4.46549,-0.00000,500.00000, 4.46549, 0.00000,-0.00000,-0.00000,-0.00000, 0.07786,-0.00000, 0.99696, 0.47339,187.31921,1193.18672,2120.62145,-2.46069, 0.00000, 0.00000,
25.20000,12600.00000,-0.00000,15000.00000,-0.00000, 4.46549,-0.00000,500.00000, 4.46549, 0.00000,-0.00000,-0.00000,-0.00000, 0.07786,-0.00000, 0.99696, 0.47339,187.31921,1193.18672,2120.62145,-2.46069, 0.00000, 0.00000,
25.30000,12650.00000,-0.00000,15000.00000,-0.00000, 4.46549,-0.00000,500.00000, 4.46549, 0.00000,-0.00000,-0.00000,-0.00000, 0.07786,-0.00000, 0.99696, 0.47339,187.31921,1193.18672,2120.62145,-2.46069, 0.00000, 0.00000,
25.40000,12700.00000,-0.00000,15000.00000,-0.00000, 4.46549,-0.00000,500.00000, 4.46549, 0.00000,-0.00000,-0.00000,-0.00000, 0.07786,-0.00000, 0.99696, 0.47339,187.31921,1193.18672,2120.62145,-2.46069, 0.00000, 0.00000,
25.50000,12750.00000,-0.00000,15000.00000,-0.00000, 4.46549,-0.00000,500.00000, 4.46549, 0.00000,-0.00000,-0.00000,-0.00000, 0.07786,-0.00000, 0.99696, 0.47339,187.31921,1193.18672,2120.62145,-2.46069, 0.00000, 0.00000,
25.60000,12800.00000,-0.00000,15000.00000,-0.00000, 4.46549,-0.00000,500.00000, 4.46549, 0.00000,-0.00000,-0.00000,-0.00000, 0.07786,-0.00000, 0.99696, 0.47339,187.31921,1193.18672,2120.62145,-2.46069, 0.00000, 0.00000,
25.70000,12850.00000,-0.00000,15000.00000,-0.00000, 4.46549,-0.00000,500.00000, 4.46549, 0.00000,-0.00000,-0.00000,-0.00000, 0.07786,-0.00000, 0.99696, 0.47339,187.31921,1193.18672,2120.62145,-2.46069, 0.00000, 0.00000,
25.80000,12900.00000,-0.00000,15000.00000,-0.00000, 4.46549,-0.00000,500.00000, 4.46549, 0.00000,-0.00000,-0.00000,-0.00000, 0.07786,-0.00000, 0.99696, 0.47339,187.31921,1193.18672,2120.62145,-2.46069, 0.00000, 0.00000,
25.90000,12950.00000,-0.00000,15000.00000,-0.00000, 4.46549,-0.00000,500.00000, 4.46549, 0.00000,-0.00000,-0.00000,-0.00000, 0.07786,-0.00000, 0.99696, 0.47339,187.31921,1193.18672,2120.62145,-2.46069, 0.00000, 0.00000,
26.00000,13000.00000,-0.00000,15000.00000,-0.00000, 4.46549,-0.00000,500.00000, 4.46549, 0.00000,-0.00000,-0.00000,-0.00000, 0.07786,-0.00000, 0.99696, 0.47339,187.31921,1193.18672,2120.62145,-2.46069, 0.00000, 0.00000,
26.10000,13050.00000,-0.00000,15000.00000,-0.00000, 4.46549,-0.00000,500.00000, 4.46549, 0.00000,-0.00000,-0.00000,-0.00000, 0.07786,-0.00000, 0.99696, 0.47339,187.31921,1193.18672,2120.62145,-2.46069, 0.00000, 0.00000,
26.20000,13100.00000,-0.00000,15000.00000,-0.00000, 4.46549,-0.00000,500.00000, 4.46549, 0.00000,-0.00000,-0.00000,-0.00000, 0.07786,-0.00000, 0.99696, 0.47339,187.31921,1193.18672,2120.62145,-2.46069, 0.00000, 0.00000,
26.30000,13150.00000,-0.00000,15000.00000,-0.00000, 4.46549,-0.00000,500.00000, 4.46549, 0.00000,-0.00000,-0.00000,-0.00000, 0.07786,-0.00000, 0.99696, 0.47339,187.31921,1193.18672,2120.62145,-2.46069, 0.00000, 0.00000,
26.40000,13200.00000,-0.00000,15000.00000,-0.00000, 4.46549,-0.00000,500.00000, 4.46549, 0.00000,-0.00000,-0.00000,-0.00000, 0.07786,-0.00000, 0.99696, 0.47339,187.31921,1193.18672,2120.62145,-2.46069, 0.00000, 0.00000,
26.50000,13250.00000,-0.00000,15000.00000,-0.00000, 4.46549,-0.00000,500.00000, 4.46549, 0.00000,-0.00000,-0.00000,-0.00000, 0.07786,-0.00000, 0.99696, 0.47339,187.31921,1193.18672,2120.62145,-2.46069, 0.00000, 0.00000,
26.60000,13300.00000,-0.00000,15000.00000,-0.00000, 4.46549,-0.00000,500.00000, 4.46549, 0.00000,-0.00000,-0.00000,-0.00000, 0.07786,-0.00000, 0.99696, 0.47339,187.31921,1193.18672,2120.62145,-2.46069, 0.00000, 0.00000,
26.70000,13350.00000,-0.00000,15000.00000,-0.00000, 4.46549,-0.00000,500.00000, 4.46549, 0.00000,-0.00000,-0.00000,-0.00000, 0.07786,-0.00000, 0.99696, 0.47339,187.31921,1193.18672,2120.62145,-2.46069, 0.00000, 0.00000,
26.80000,13400.00000,-0.00000,15000.00000,-0.00000, 4.46549,-0.00000,500.00000, 4.46549, 0.00000,-0.00000,-0.00000,-0.00000, 0.07786,-0.00000, 0.99696, 0.47339,187.31921,1193.18672,2120.62145,-2.46069, 0.00000, 0.00000,
26.90000,13450.00000,-0.00000,15000.00000,-0.00000, 4.46549,-0.00000,500.00000, 4.46549, 0.00000,-0.00000,-0.00000,-0.00000, 0.07786,-0.00000, 0.99696, 0.47339,187.31921,1193.18672,2120.62145,-2.46069, 0.00000, 0.00000,
27.00000,13500.00000,-0.00000,15000.00000,-0.00000, 4.46549,-0.00000,500.00000, 4.46549, 0.00000,-0.00000,-0.00000,-0.00000, 0.07786,-0.00000, 0.99696, 0.47339,187.31921,1193.18672,2120.62145,-2.46069, 0.00000, 0.00000,
27.10000,13550.00000,-0.00000,15000.00000,-0.00000, 4.46549,-0.00000,500.00000, 4.46549, 0.00000,-0.00000,-0.00000,-0.00000, 0.07786,-0.00000, 0.99696, 0.47339,187.31921,1193.18672,2120.62145,-2.46069, 0.00000, 0.00000,
27.20000,13600.00000,-0.00000,15000.00000,-0.00000, 4.46549,-0.00000,500.00000, 4.46549, 0.00000,-0.00000,-0.00000,-0.00000, 0.07786,-0.00000, 0.99696, 0.47339,187.31921,1193.18672,2120.62145,-2.46069, 0.00000, 0.00000,
27.30000,13650.00000,-0.00000,15000.00000,-0.00000, 4.46549,-0.00000,500.00000, 4.46549, 0.00000,-0.00000,-0.00000,-0.00000, 0.07786,-0.00000, 0.99696, 0.47339,187.31921,1193.18672,2120.62145,-2.46069, 0.00000, 0.00000,
27.40000,13700.00000,-0.00000,15000.00000,-0.00000, 4.46549,-0.00000,500.00000, 4.46549, 0.00000,-0.00000,-0.00000,-0.00000, 0.07786,-0.00000, 0.99696, 0.47339,187.31921,1193.18672,2120.62145,-2.46069, 0.00000, 0.00000,
27.50000,13750.00000,-0.00000,15000.00000,-0.00000, 4.46549,-0.00000,500.00000, 4.46549, 0.00000,-0.00000,-0.00000,-0.00000, 0.07786,-0.00000, 0.99696, 0.47339,187.31921,1193.18672,2120.62145,-2.46069, 0.00000, 0.00000,
27.60000,13800.00000,-0.00000,15000.00000,-0.00000, 4.46549,-0.00000,500.00000, 4.46549, 0.00000,-0.00000,-0.00000,-0.00000, 0.07786,-0.00000, 0.99696, 0.47339,187.31921,1193.18672,2120.62145,-2.46069, 0.00000, 0.00000,
27.70000,13850.00000,-0.00000,15000.00000,-0.00000, 4.46549,-0.00000,500.00000, 4.46549, 0.00000,-0.00000,-0.00000,-0.00000, 0.07786,-0.00000, 0.99696, 0.47339,187.31921,1193.18672,2120.62145,-2.46069, 0.00000, 0.00000,
27.80000,13900.00000,-0.00000,15000.00000,-0.00000, 4.46549,-0.00000,500.00000, 4.46549, 0.00000,-0.00000,-0.00000,-0.00000, 0.07786,-0.00000, 0.99696, 0.47339,187.31921,1193.18672,2120.62145,-2.46069, 0.00000, 0.00000,
27.90000,13950.00000,-0.00000,15000.00000,-0.00000, 4.46549,-0.00000,500.00000, 4.46549, 0.00000,-0.00000,-0.00000,-0.00000, 0.07786,-0.00000, 0.99696, 0.47339,187.31921,1193.18672,2120.62145,-2.46069, 0.00000, 0.00000,
28.00000,14000.00000,-0.00000,15000.00000,-0.00000, 4.46549,-0.00000,500.00000, 4.46549, 0.00000,-0.00000,-0.00000,-0.00000, 0.07786,-0.00000, 0.99696, 0.47339,187.31921,1193.18672,2120.62145,-2.46069, 0.00000, 0.00000,
28.10000,14050.00000,-0.00000,15000.00000,-0.00000, 4.46549,-0.00000,500.00000, 4.46549, 0.00000,-0.00000,-0.00000,-0.00000, 0.07786,-0.00000, 0.99696, 0.47339,187.31921,1193.18672,2120.62145,-2.46069, 0.00000, 0.00000,
28.20000,14100.00000,-0.00000,15000.00000,-0.00000, 4.46549,-0.00000,500.00000, 4.46549, 0.00000,-0.00000,-0.00000,-0.00000, 0.07786,-0.00000, 0.99696, 0.47339,187.31921,1193.18672,2120.62145,-2.46069, 0.00000, 0.00000,
28.30000,14150.00000,-0.00000,15000.00000,-0.00000, 4.46549,-0.00000,500.00000, 4.46549, 0.00000,-0.00000,-0.00000,-0.00000, 0.07786,-0.00000, 0.99696, 0.47339,187.31921,1193.18672,2120.62145,-2.46069, 0.00000, 0.00000,
28.40000,14200.00000,-0.00000,15000.00000,-0.00000, 4.46549,-0.00000,500.00000, 4.46549, 0.00000,-0.00000,-0.00000,-0.00000, 0.07786,-0.00000, 0.99696, 0.47339,187.31921,1193.18672,2120.62145,-2.46069, 0.00000, 0.00000,
28.50000,14250.00000,-0.00000,15000.00000,-0.00000, 4.46549,-0.00000,500.00000, 4.46549, 0.00000,-0.00000,-0.00000,-0.00000, 0.07786,-0.00000, 0.99696, 0.47339,187.31921,1193.18672,2120.62145,-2.46069, 0.00000, 0.00000,
28.60000,14300.00000,-0.00000,15000.00000,-0.00000, 4.46549,-0.00000,500.00000, 4.46549, 0.00000,-0.00000,-0.00000,-0.00000, 0.07786,-0.00000, 0.99696, 0.47339,187.31921,1193.18672,2120.62145,-2.46069, 0.00000, 0.00000,
28.70000,14350.00000,-0.00000,15000.00000,-0.00000, 4.46549,-0.00000,500.00000, 4.46549, 0.00000,-0.00000,-0.00000,-0.00000, 0.07786,-0.00000, 0.99696, 0.47339,187.31921,1193.18672,2120.62145,-2.46069, 0.00000, 0.00000,
28.80000,14400.00000,-0.00000,15000.00000,-0.00000, 4.46549,-0.00000,500.00000, 4.46549, 0.00000,-0.00000,-0.00000,-0.00000, 0.07786,-0.00000, 0.99696, 0.47339,187.31921,1193.18672,2120.62145,-2.46069, 0.00000, 0.00000,
28.90000,14450.00000,-0.00000,15000.00000,-0.00000, 4.46549,-0.00000,500.00000, 4.46549, 0.00000,-0.00000,-0.00000,-0.00000, 0.07786,-0.00000, 0.99696, 0.47339,187.31921,1193.18672,2120.62145,-2.46069, 0.00000, 0.00000,
29.00000,14500.00000,-0.00000,15000.00000,-0.00000, 4.46549,-0.00000,500.00000, 4.46549, 0.00000,-0.00000,-0.00000,-0.00000, 0.07786,-0.00000, 0.99696, 0.47339,187.31921,1193.18672,2120.62145,-2.46069, 0.00000, 0.00000,
29.10000,14550.00000,-0.00000,15000.00000,-0.00000, 4.46549,-0.00000,500.00000, 4.46549, 0.00000,-0.00000,-0.00000,-0.00000, 0.07786,-0.00000, 0.99696, 0.47339,187.31921,1193.18672,2120.62145,-2.46069, 0.00000, 0.00000,
29.20000,14600.00000,-0.00000,15000.00000,-0.00000, 4.46549,-0.00000,500.00000, 4.46549, 0.00000,-0.00000,-0.00000,-0.00000, 0.07786,-0.00000, 0.99696, 0.47339,187.31921,1193.18672,2120.62145,-2.46069, 0.00000, 0.00000,
29.30000,14650.00000,-0.00000,15000.00000,-0.00000, 4.46549,-0.00000,500.00000, 4.46549, 0.00000,-0.00000,-0.00000,-0.00000, 0.07786,-0.00000, 0.99696, 0.47339,187.31921,1193.18672,2120.62145,-2.46069, 0.00000, 0.00000,
29.40000,14700.00000,-0.00000,15000.00000,-0.00000, 4.46549,-0.00000,500.00000, 4.46549, 0.00000,-0.00000,-0.00000,-0.00000, 0.07786,-0.00000, 0.99696, 0.47339,187.31921,1193.18672,2120.62145,-2.46069, 0.00000, 0.00000,
29.50000,14750.00000,-0.00000,15000.00000,-0.00000, 4.46549,-0.00000,500.00000, 4.46549, 0.00000,-0.00000,-0.00000,-0.00000, 0.07786,-0.00000, 0.99696, 0.47339,187.31921,1193.18672,2120.62145,-2.46069, 0.00000, 0.00000,
29.60000,14800.00000,-0.00000,15000.00000,-0.00000, 4.46549,-0.00000,500.00000, 4.46549, 0.00000,-0.00000,-0.00000,-0.00000, 0.07786,-0.00000, 0.99696, 0.47339,187.31921,1193.18672,2120.62145,-2.46069, 0.00000, 0.00000,
29.70000,14850.00000,-0.00000,15000.00000,-0.00000, 4.46549,-0.00000,500.00000, 4.46549, 0.00000,-0.00000,-0.00000,-0.00000, 0.07786,-0.00000, 0.99696, 0.47339,187.31921,1193.18672,2120.62145,-2.46069, 0.00000, 0.00000,
29.80000,14900.00000,-0.00000,15000.00000,-0.00000, 4.46549,-0.00000,500.00000, 4.46549, 0.00000,-0.00000,-0.00000,-0.00000, 0.07786,-0.00000, 0.99696, 0.47339,187.31921,1193.18672,2120.62145,-2.46069, 0.00000, 0.00000,
29.90000,14950.00000,-0.00000,15000.00000,-0.00000, 4.46549,-0.00000,500.00000, 4.46549, 0.00000,-0.00000,-0.00000,-0.00000, 0.07786,-0.00000, 0.99696, 0.47339,187.31921,1193.18672,2120.62145,-2.46069, 0.00000, 0.00000,
30.00000,15000.00000,-0.00000,15000.00000,-0.00000, 4.46549,-0.00000,500.00000, 4.46549, 0.00000,-0.00000,-0.00000,-0.00000, 0.07786,-0.00000, 0.99696, 0.47339,187.31921,1193.18672,2120.62145,-2.46069, 0.00000, 0.00000,
