
time,npos,epos,alt,phi,theta,psi,vel,alpha,beta,p,q,r,nx,ny,nz,mach,qbar,ps,

 0.00000, 0.00000, 0.00000,15000.00000, 0.00000, 4.46549, 0.00000,500.00000, 4.46549, 0.00000, 0.00000, 0.00000, 0.00000, 0.07786, 0.00000, 0.99696, 0.47339,187.31921,1193.18672,2120.62145,-2.46069, 0.00000, 0.00000,
 0.10000,50.00000, 0.00000,15000.00000, 0.00000, 4.46549,-0.00000,500.00000, 4.46549, 0.00000, 0.00000,-0.00000,-0.00000, 0.07786, 0.00000, 0.99696, 0.47339,187.31921,1193.18672,2120.62145,-2.46069, 0.00000, 0.00000,
 0.20000,100.00000, 0.00000,15000.00000, 0.00000, 4.46549,-0.00000,500.00000, 4.46549, 0.00000, 0.00000,-0.00000,-0.00000, 0.07786, 0.00000, 0.99696, 0.47339,187.31921,1193.18672,2120.62145,-2.46069, 0.00000, 0.00000,
 0.30000,150.00000, 0.00000,15000.00000,-0.00000, 4.46549,-0.00000,500.00000, 4.46549, 0.00000,-0.00000,-0.00000,-0.00000, 0.07786, 0.00000, 0.99696, 0.47339,187.31921,1193.18672,2120.62145,-2.46069, 0.00000, 0.00000,
 0.40000,200.00000, 0.00000,15000.00000,-0.00000, 4.46549,-0.00000,500.00000, 4.46549, 0.00000,-0.00000,-0.00000,-0.00000, 0.07786,-0.00000, 0.99696, 0.47339,187.31921,1193.18672,2120.62145,-2.46069, 0.00000, 0.00000,
 0.50000,250.00000, 0.00000,15000.00000,-0.00000, 4.46549,-0.00000,500.00000, 4.46549, 0.00000,-0.00000,-0.00000,-0.00000, 0.07786,-0.00000, 0.99696, 0.47339,187.31921,1193.18672,2120.62145,-2.46069, 0.00000, 0.00000,
 0.60000,300.00000, 0.00000,15000.00000,-0.00000, 4.46549,-0.00000,500.00000, 4.46549, 0.00000,-0.00000,-0.00000,-0.00000, 0.07786,-0.00000, 0.99696, 0.47339,187.31921,1193.18672,2120.62145,-2.46069, 0.00000, 0.00000,
 0.70000,350.00000, 0.00000,15000.00000,-0.00000, 4.46549,-0.00000,500.00000, 4.46549, 0.00000,-0.00000,-0.00000,-0.00000, 0.07786,-0.00000, 0.99696, 0.47339,187.31921,1193.18672,2120.62145,-2.46069, 0.00000, 0.00000,
 0.80000,400.00000,-0.00000,15000.00000,-0.00000, 4.46549,-0.00000,500.00000, 4.46549, 0.00000,-0.00000,-0.00000,-0.00000, 0.07786,-0.00000, 0.99696, 0.47339,187.31921,1193.18672,2120.62145,-2.46069, 0.00000, 0.00000,
 0.90000,450.00000,-0.00000,15000.00000,-0.00000, 4.46549,-0.00000,500.00000, 4.46549, 0.00000,-0.00000,-0.00000,-0.00000, 0.07786,-0.00000, 0.99696, 0.47339,187.31921,1193.18672,2120.62145,-2.46069, 0.00000, 0.00000,
 1.00000,500.00000,-0.00000,15000.00000,-0.00000, 4.46549,-0.00000,500.00000, 4.46549, 0.00000,-0.00000,-0.00000,-0.00000, 0.07789,-0.00000, 0.99713, 0.47339,187.31921,1193.18672,2120.62145,-2.45283, 0.00000, 0.00000,
 1.10000,550.00023,-0.00000,15000.00562,-0.00000, 4.40096,-0.00000,499.99580, 4.38329, 0.00000,-0.00000,-1.93125,-0.00000, 0.06878,-0.00000, 1.07538, 0.47339,187.31603,1193.18645,2120.62145, 3.54717, 0.00000, 0.00000,
 1.20000,599.99645,-0.00000,15000.03166,-0.00000, 3.96775,-0.00000,499.92457, 3.93162, 0.00000,-0.00000,-7.02065,-0.00000, 0.04583,-0.00000, 0.98355, 0.47332,187.26250,1193.18519,2120.62145, 6.98350, 0.00000, 0.00000,
 1.30000,649.98612,-0.00000,15000.04896,-0.00000, 2.98727,-0.00000,499.87849, 2.99858, 0.00000,-0.00000,-12.52329,-0.00000, 0.03382,-0.00000, 0.74294, 0.47328,187.22788,1193.18436,2120.62145, 7.46558, 0.00000, 0.00000,
 1.40000,699.97416,-0.00000,14999.98205,-0.00000, 1.48315,-0.00000,499.89301, 1.64420, 0.00000,-0.00000,-17.44252,-0.00000, 0.02247,-0.00000, 0.43510, 0.47329,187.23916,1193.18759,2120.62145, 7.52953, 0.00000, 0.00000,
 1.50000,749.96538,-0.00000,14999.73239,-0.00000,-0.47691,-0.00000,499.94803,-0.04417, 0.00000,-0.00000,-21.63533,-0.00000, 0.01134,-0.00000, 0.08470, 0.47335,187.28190,1193.19962,2120.62145, 7.53802, 0.00000, 0.00000,
 1.60000,799.96033,-0.00000,14999.18612,-0.00000,-2.83729,-0.00000,500.01156,-1.99281, 0.00000,-0.00000,-25.62851,-0.00000, 0.01278,-0.00000,-0.32536, 0.47340,187.33283,1193.22595,2120.62145, 7.53914, 0.00000, 0.00000,
 1.70000,849.95306,-0.00000,14998.21214,-0.00000,-5.61831,-0.00000,500.01880,-4.20251, 0.00000,-0.00000,-30.09483,-0.00000, 0.01486,-0.00000,-0.78329, 0.47341,187.34419,1193.27289,2120.62145, 7.53929, 0.00000, 0.00000,
 1.80000,899.92391,-0.00000,14996.66186,-0.00000,-8.87122,-0.00000,499.83846,-6.69644, 0.00000,-0.00000,-34.83146,-0.00000, 0.01613,-0.00000,-1.37321, 0.47324,187.21853,1193.34762,2120.62145, 7.53931, 0.00000, 0.00000,
 1.90000,949.82955,-0.00000,14994.35319,-0.00000,-12.53536,-0.00000,499.27558,-9.37532, 0.00000,-0.00000,-38.17424,-0.00000, 0.01759,-0.00000,-1.99385, 0.47270,186.81113,1193.45891,2120.62145, 7.53931, 0.00000, 0.00000,
 2.00000,999.59942,-0.00000,14991.09704,-0.00000,-16.44846, 0.00000,498.16495,-12.08708, 0.00000,-0.00000,-39.79890,-0.00000, 0.01959,-0.00000,-2.57837, 0.47164,186.00064,1193.61588,2120.62145, 7.53931, 0.00000, 0.00000,
 2.10000,1049.13883,-0.00000,14986.72394,-0.00000,-20.44014, 0.00000,496.38091,-14.68015, 0.00000,-0.00000,-39.78210, 0.00000, 0.02158,-0.00000,-3.11347, 0.46994,184.69708,1193.82673,2120.62145, 7.53931, 0.00000, 0.00000,
 2.20000,1098.33395,-0.00000,14981.09056,-0.00000,-24.36083, 0.00000,493.85735,-17.02722, 0.00000,-0.00000,-38.44821, 0.00000, 0.02315,-0.00000,-3.58721, 0.46754,182.85740,1194.09838,2120.62145, 7.53931, 0.00000, 0.00000,
 2.30000,1147.05960,-0.00000,14974.08368,-0.00000,-28.10101, 0.00000,490.59903,-19.04344, 0.00000,-0.00000,-36.25101, 0.00000, 0.02415,-0.00000,-3.98787, 0.46445,180.49361,1194.43634,2120.62145, 7.53931, 0.00000, 0.00000,
 2.40000,1195.18830,-0.00000,14965.62228,-0.00000,-31.59740, 0.00000,486.67888,-20.69176, 0.00000,-0.00000,-33.64147, 0.00000, 0.02472,-0.00000,-4.30641, 0.46072,177.66955,1194.84456,2120.62145, 7.53931, 0.00000, 0.00000,
 2.50000,1242.59895, 0.00000,14955.65732,-0.00000,-34.82764, 0.00000,482.22190,-21.97647, 0.00000,-0.00000,-30.97760, 0.00000, 0.02506,-0.00000,-4.53962, 0.45648,174.48682,1195.32546,2120.62145, 7.53931, 0.00000, 0.00000,
 2.60000,1289.18351, 0.00000,14944.16916,-0.00000,-37.79902, 0.00000,477.38094,-22.93038, 0.00000,-0.00000,-28.49292, 0.00000, 0.02538, 0.00000,-4.69140, 0.45188,171.06500,1195.88006,2120.62145, 7.53931, 0.00000, 0.00000,
 2.70000,1334.85096, 0.00000,14931.16321,-0.00000,-40.53632, 0.00000,472.31245,-23.60131,-0.00000,-0.00000,-26.30843, 0.00000, 0.02581, 0.00000,-4.77150, 0.44706,167.52263,1196.50818,2120.62145, 7.53931, 0.00000, 0.00000,
 2.80000,1379.52841, 0.00000,14916.66459,-0.00000,-43.07209, 0.00000,467.15828,-24.04150,-0.00000,-0.00000,-24.46369, 0.00000, 0.02642, 0.00000,-4.79293, 0.44216,163.96364,1197.20871,2120.62145, 7.53931, 0.00000, 0.00000,
 2.90000,1423.16021, 0.00000,14900.71272,-0.00000,-45.44008, 0.00000,462.03558,-24.30073,-0.00000,-0.00000,-22.94870, 0.00000, 0.02721, 0.00000,-4.76948, 0.43728,160.47061,1197.97983,2120.62145, 7.53931, 0.00000, 0.00000,
 3.00000,1465.70581, 0.00000,14883.35663,-0.00000,-47.67166, 0.00000,457.03371,-24.42283,-0.00000,-0.00000,-21.72851, 0.00000, 0.02817, 0.00000,-4.71401, 0.43252,157.10362,1198.81929,2120.62145, 7.53146, 0.00000, 0.00000,
 3.10000,1507.13317, 0.00000,14864.64610,-0.00000,-49.73460, 0.00000,452.17259,-24.36121,-0.00000,-0.00000,-19.02427, 0.00000, 0.04835, 0.00000,-4.75604, 0.42788,153.87295,1199.72479,2120.62145, 1.53146, 0.00000, 0.00000,
 3.20000,1547.40332, 0.00000,14844.61437,-0.00000,-51.37909, 0.00000,447.44171,-23.85114,-0.00000,-0.00000,-13.26618, 0.00000, 0.01149, 0.00000,-4.76125, 0.42337,150.76811,1200.69483,2120.62145,-4.46854, 0.00000, 0.00000,
 3.30000,1586.48255, 0.00000,14823.30248,-0.00000,-52.28127, 0.00000,442.93165,-22.59686,-0.00000,-0.00000,-4.35671, 0.00000,-0.03852, 0.00000,-4.64927, 0.41907,147.84638,1201.72757,2120.62145,-10.32380, 0.00000, 0.00000,
 3.40000,1624.37989, 0.00000,14800.76578,-0.00000,-52.23121, 0.00000,439.13288,-20.45431,-0.00000,-0.00000, 5.09383, 0.00000,-0.04802, 0.00000,-4.25624, 0.41544,145.42771,1202.82043,2120.62145,-12.17722, 0.00000, 0.00000,
 3.50000,1661.19144, 0.00000,14777.08324,-0.00000,-51.33166, 0.00000,436.56911,-17.63332,-0.00000,-0.00000,12.56151, 0.00000,-0.03958, 0.00000,-3.62350, 0.41298,143.84519,1203.96973,2120.62145,-12.42308, 0.00000, 0.00000,
 3.60000,1697.08807, 0.00000,14752.36260,-0.00000,-49.77506, 0.00000,435.39651,-14.41447,-0.00000,-0.00000,18.34823, 0.00000,-0.02559, 0.00000,-2.84560, 0.41183,143.18841,1205.17034,2120.62145,-12.45570, 0.00000, 0.00000,
 3.70000,1732.28183, 0.00000,14726.73739,-0.00000,-47.69572, 0.00000,435.50952,-10.99658,-0.00000,-0.00000,23.11861, 0.00000,-0.00954, 0.00000,-1.97666, 0.41189,143.38200,1206.41590,2120.62145,-12.46002, 0.00000, 0.00000,
 3.80000,1767.00354, 0.00000,14700.36703,-0.00000,-45.16700, 0.00000,436.65426,-7.49985,-0.00000,-0.00000,27.41554, 0.00000, 0.00775, 0.00000,-1.04081, 0.41293,144.26019,1207.69877,2120.62145,-12.46060, 0.00000, 0.00000,
 3.90000,1801.48882, 0.00000,14673.43955,-0.00000,-42.21422, 0.00000,438.48902,-3.97778,-0.00000,-0.00000,31.63025, 0.00000, 0.02033, 0.00000,-0.16536, 0.41463,145.60224,1209.00987,2120.62145,-12.46067, 0.00000, 0.00000,
 4.00000,1835.93659, 0.00000,14646.14278,-0.00000,-38.86480, 0.00000,440.55717,-0.35740,-0.00000,-0.00000,35.18708, 0.00000, 0.01916, 0.00000, 0.44631, 0.41654,147.10921,1210.34012,2120.62145,-12.46068, 0.00000, 0.00000,
 4.10000,1870.47808, 0.00000,14618.63123,-0.00000,-35.20851, 0.00000,442.60845, 3.31674,-0.00000,-0.00000,37.82214,-0.00000, 0.05855, 0.00000, 1.02889, 0.41843,148.61489,1211.68204,2120.62145,-12.46069, 0.00000, 0.00000,
 4.20000,1905.22416, 0.00000,14591.05845,-0.00000,-31.32359, 0.00000,444.49145, 6.98050,-0.00000, 0.00000,39.73715,-0.00000, 0.11765, 0.00000, 1.58719, 0.42017,150.01619,1213.02814,2120.62145,-12.46069, 0.00000, 0.00000,
 4.30000,1940.26604, 0.00000,14563.58099,-0.00000,-27.29219, 0.00000,446.04656,10.57084,-0.00000, 0.00000,40.75202,-0.00000, 0.19575, 0.00000, 2.11207, 0.42159,151.20239,1214.37078,2120.62145,-12.46069, 0.00000, 0.00000,
 4.40000,1975.67490, 0.00000,14536.35704,-0.00000,-23.17424, 0.00000,447.17203,14.03797,-0.00000, 0.00000,41.66008,-0.00000, 0.31253, 0.00000, 2.62702, 0.42261,152.10057,1215.70222,2120.62145,-12.46069, 0.00000, 0.00000,
 4.50000,2011.50548, 0.00000,14509.54885,-0.00000,-18.95681,-0.00000,447.69999,17.40895,-0.00000, 0.00000,42.59567,-0.00000, 0.39281, 0.00000, 3.09187, 0.42306,152.59248,1217.01447,2120.62145,-12.46069, 0.00000, 0.00000,
 4.60000,2047.77640, 0.00000,14483.31829,-0.00000,-14.67891,-0.00000,447.39651,20.67781, 0.00000, 0.00000,42.84434,-0.00000, 0.44379, 0.00000, 3.50980, 0.42273,152.51527,1218.29956,2120.62145,-12.46069, 0.00000, 0.00000,
 4.70000,2084.46806, 0.00000,14457.82135,-0.00000,-10.41450,-0.00000,446.04612,23.79910, 0.00000, 0.00000,42.31124,-0.00000, 0.44646,-0.00000, 3.88074, 0.42141,151.72126,1219.54975,2120.62145,-12.46069, 0.00000, 0.00000,
 4.80000,2121.52525, 0.00000,14433.20273,-0.00000,-6.23859,-0.00000,443.58154,26.72675, 0.00000, 0.00000,41.17008,-0.00000, 0.45929,-0.00000, 4.19014, 0.41905,150.16896,1220.75785,2120.62145,-12.46069, 0.00000, 0.00000,
 4.90000,2158.87469, 0.00000,14409.58465,-0.00000,-2.17988,-0.00000,440.07778,29.45608, 0.00000,-0.00000,40.01110,-0.00000, 0.47724,-0.00000, 4.44464, 0.41570,147.91913,1221.91776,2120.62145,-12.46069, 0.00000, 0.00000,
 5.00000,2196.43097, 0.00000,14387.06407,-0.00000, 1.75744,-0.00000,435.61999,32.01298, 0.00000,-0.00000,38.61054,-0.00000, 0.48696,-0.00000, 4.58824, 0.41145,145.04334,1223.02459,2120.62145,-12.45283, 0.00000, 0.00000,
 5.10000,2234.09780, 0.00000,14365.70443,-0.00000, 5.46854,-0.00000,430.28389,34.31853, 0.00000,-0.00000,35.05196,-0.00000, 0.47678,-0.00000, 4.73129, 0.40638,141.60959,1224.07512,2120.62145,-6.45283, 0.00000, 0.00000,
 5.20000,2271.77327, 0.00000,14345.54832,-0.00000, 8.67817,-0.00000,424.21858,36.12254, 0.00000,-0.00000,28.91462,-0.00000, 0.45570,-0.00000, 4.71696, 0.40062,137.73529,1225.06712,2120.62145,-3.01650, 0.00000, 0.00000,
 5.30000,2309.36700, 0.00000,14326.58961,-0.00000,11.24236,-0.00000,417.85583,37.32859, 0.00000,-0.00000,22.41111,-0.00000, 0.43844,-0.00000, 4.57914, 0.39458,133.71659,1226.00077,2120.62145,-2.53442, 0.00000, 0.00000,
 5.40000,2346.81386, 0.00000,14308.78050,-0.00000,13.17480,-0.00000,411.50273,37.96613,-0.00000,-0.00000,16.32642,-0.00000, 0.42328, 0.00000, 4.39509, 0.38855,129.75619,1226.87834,2120.62145,-2.47047, 0.00000, 0.00000,
 5.50000,2384.07268, 0.00000,14292.05717,-0.00000,14.52692,-0.00000,405.35598,38.08825,-0.00000,-0.00000,10.81694,-0.00000, 0.40978, 0.00000, 4.19152, 0.38272,125.97688,1227.70286,2120.62145,-2.46198, 0.00000, 0.00000,
 5.60000,2421.12215, 0.00000,14276.35071,-0.00000,15.35885,-0.00000,399.54704,37.75187,-0.00000,-0.00000, 5.92601,-0.00000, 0.39811, 0.00000, 3.98382, 0.37722,122.45434,1228.47766,2120.62145,-2.46086, 0.00000, 0.00000,
 5.70000,2457.95662, 0.00000,14261.59274,-0.00000,15.73292,-0.00000,394.15886,37.01393,-0.00000,-0.00000, 1.65840,-0.00000, 0.38837, 0.00000, 3.78191, 0.37211,119.23075,1229.20602,2120.62145,-2.46071, 0.00000, 0.00000,
 5.80000,2494.58211, 0.00000,14247.71856,-0.00000,15.71078,-0.00000,389.23838,35.92997,-0.00000,-0.00000,-2.00203,-0.00000, 0.38054, 0.00000, 3.59181, 0.36744,116.32469,1229.89108,2120.62145,-2.46069, 0.00000, 0.00000,
 5.90000,2531.01301, 0.00000,14234.66869,-0.00000,15.35184,-0.00000,384.80966,34.55421,-0.00000,-0.00000,-5.08123,-0.00000, 0.37253, 0.00000, 3.40423, 0.36324,113.74068,1230.53573,2120.62145,-2.46069, 0.00000, 0.00000,
 6.00000,2567.26991, 0.00000,14222.38458,-0.00000,14.71415,-0.00000,380.91793,32.95321,-0.00000,-0.00000,-7.57590,-0.00000, 0.36109, 0.00000, 3.19974, 0.35955,111.49599,1231.14279,2120.62145,-2.46069, 0.00000, 0.00000,
 6.10000,2603.37783, 0.00000,14210.80425,-0.00000,13.85536,-0.00000,377.56802,31.18797,-0.00000, 0.00000,-9.50954,-0.00000, 0.35051, 0.00000, 3.00630, 0.35637,109.58458,1231.71529,2120.62145,-2.46069, 0.00000, 0.00000,
 6.20000,2639.36363, 0.00000,14199.86850,-0.00000,12.82932,-0.00000,374.73970,29.31305,-0.00000, 0.00000,-10.94733,-0.00000, 0.33711, 0.00000, 2.81038, 0.35369,107.98713,1232.25613,2120.62145,-2.46069, 0.00000, 0.00000,
 6.30000,2675.25430, 0.00000,14189.51637,-0.00000,11.67077,-0.00000,372.42601,27.37790,-0.00000, 0.00000,-12.20929,-0.00000, 0.31773, 0.00000, 2.59855, 0.35149,106.69350,1232.76827,2120.62145,-2.46069, 0.00000, 0.00000,
 6.40000,2711.07585, 0.00000,14179.68212,-0.00000,10.39010,-0.00000,370.59459,25.39838,-0.00000, 0.00000,-13.39182,-0.00000, 0.29875, 0.00000, 2.39499, 0.34975,105.68033,1233.25496,2120.62145,-2.46069, 0.00000, 0.00000,
 6.50000,2746.85319, 0.00000,14170.30144,-0.00000, 8.99737,-0.00000,369.21955,23.38603,-0.00000, 0.00000,-14.40514,-0.00000, 0.29010, 0.00000, 2.19496, 0.34844,104.92938,1233.71934,2120.62145,-2.46069, 0.00000, 0.00000,
 6.60000,2782.61207, 0.00000,14161.31137,-0.00000, 7.52110,-0.00000,368.28603,21.36969,-0.00000, 0.00000,-15.06283,-0.00000, 0.28454, 0.00000, 2.00515, 0.34755,104.42979,1234.16452,2120.62145,-2.46069, 0.00000, 0.00000,
 6.70000,2818.37701, 0.00000,14152.65135,-0.00000, 5.99579,-0.00000,367.74605,19.38358,-0.00000, 0.00000,-15.38781,-0.00000, 0.27406, 0.00000, 1.81863, 0.34702,104.15294,1234.59348,2120.62145,-2.46069, 0.00000, 0.00000,
 6.80000,2854.16799, 0.00000,14144.26057,-0.00000, 4.45585,-0.00000,367.53173,17.47109, 0.00000, 0.00000,-15.35073,-0.00000, 0.25257,-0.00000, 1.62773, 0.34681,104.05978,1235.00921,2120.62145,-2.46069, 0.00000, 0.00000,
 6.90000,2889.99903, 0.00000,14136.07695,-0.00000, 2.93694,-0.00000,367.58316,15.66641, 0.00000, 0.00000,-14.97505,-0.00000, 0.23292,-0.00000, 1.45431, 0.34685,104.11644,1235.41479,2120.62145,-2.46069, 0.00000, 0.00000,
 7.00000,2925.88055, 0.00000,14128.04320,-0.00000, 1.46906,-0.00000,367.84290,13.99287, 0.00000, 0.00000,-14.37907,-0.00000, 0.20800,-0.00000, 1.29861, 0.34708,104.29071,1235.81305,2120.62145,-2.46069, 0.00000, 0.00000,
 7.10000,2961.81803,-0.00000,14120.10744,-0.00000, 0.05809,-0.00000,368.24197,12.45086, 0.00000, 0.00000,-13.85632,-0.00000, 0.18057,-0.00000, 1.15571, 0.34745,104.54392,1236.20655,2120.62145,-2.46069, 0.00000, 0.00000,
 7.20000,2997.81307,-0.00000,14112.22215,-0.00000,-1.30518,-0.00000,368.74559,11.02596, 0.00000, 0.00000,-13.42301,-0.00000, 0.15499,-0.00000, 1.02328, 0.34791,104.85679,1236.59765,2120.62145,-2.46069, 0.00000, 0.00000,
 7.30000,3033.86534,-0.00000,14104.34339,-0.00000,-2.62909,-0.00000,369.32900, 9.70500, 0.00000,-0.00000,-13.06344,-0.00000, 0.13346,-0.00000, 0.90065, 0.34845,105.21562,1236.98852,2120.62145,-2.46069, 0.00000, 0.00000,
 7.40000,3069.97394,-0.00000,14096.43074,-0.00000,-3.91590,-0.00000,369.99230, 8.47945, 0.00000,-0.00000,-12.65730,-0.00000, 0.12116,-0.00000, 0.79002, 0.34907,105.62088,1237.38117,2120.62145,-2.46069, 0.00000, 0.00000,
 7.50000,3106.13869,-0.00000,14088.44755,-0.00000,-5.15768,-0.00000,370.72599, 7.35152, 0.00000,-0.00000,-12.16508,-0.00000, 0.10979,-0.00000, 0.68949, 0.34975,106.06754,1237.77743,2120.62145,-2.46069, 0.00000, 0.00000,
 7.60000,3142.35848,-0.00000,14080.36068,-0.00000,-6.34648,-0.00000,371.51428, 6.32398, 0.00000,-0.00000,-11.59985,-0.00000, 0.09935,-0.00000, 0.59911, 0.35048,106.54692,1238.17894,2120.62145,-2.46069, 0.00000, 0.00000,
 7.70000,3178.63130,-0.00000,14072.14039,-0.00000,-7.47563,-0.00000,372.34448, 5.39824, 0.00000,-0.00000,-10.97393,-0.00000, 0.08987,-0.00000, 0.51887, 0.35125,107.05206,1238.58718,2120.62145,-2.46069, 0.00000, 0.00000,
 7.80000,3214.95452,-0.00000,14063.76041,-0.00000,-8.53968,-0.00000,373.20897, 4.57430, 0.00000,-0.00000,-10.30126,-0.00000, 0.08396,-0.00000, 0.44952, 0.35206,107.57885,1239.00346,2120.62145,-2.46069, 0.00000, 0.00000,
 7.90000,3251.32593,-0.00000,14055.19798,-0.00000,-9.53510,-0.00000,374.11151, 3.84990, 0.00000,-0.00000,-9.60425,-0.00000, 0.08084,-0.00000, 0.39022, 0.35290,108.12970,1239.42892,2120.62145,-2.46069, 0.00000, 0.00000,
 8.00000,3287.74377,-0.00000,14046.43355,-0.00000,-10.46007,-0.00000,375.04711, 3.22206, 0.00000,-0.00000,-8.89366,-0.00000, 0.07807,-0.00000, 0.33980, 0.35377,108.70197,1239.86454,2120.62145,-2.46069, 0.00000, 0.00000,
 8.10000,3324.20617,-0.00000,14037.45057,-0.00000,-11.31366,-0.00000,376.01084, 2.68719, 0.00000,-0.00000,-8.17779,-0.00000, 0.07563,-0.00000, 0.29796, 0.35466,109.29303,1240.31115,2120.62145,-2.46069, 0.00000, 0.00000,
 8.20000,3360.71124,-0.00000,14028.23530,-0.00000,-12.09571,-0.00000,376.99921, 2.24109, 0.00000,-0.00000,-7.46425,-0.00000, 0.07353,-0.00000, 0.26433, 0.35558,109.90105,1240.76944,2120.62145,-2.46069, 0.00000, 0.00000,
 8.30000,3397.25729,-0.00000,14018.77671,-0.00000,-12.80682,-0.00000,378.00990, 1.87907, 0.00000,-0.00000,-6.75992,-0.00000, 0.07177,-0.00000, 0.23852, 0.35652,110.52485,1241.23998,2120.62145,-2.46069, 0.00000, 0.00000,
 8.40000,3433.84290,-0.00000,14009.06629,-0.00000,-13.44821,-0.00000,379.04143, 1.59601, 0.00000,-0.00000,-6.07101,-0.00000, 0.07034,-0.00000, 0.22010, 0.35748,111.16373,1241.72320,2120.62145,-2.46069, 0.00000, 0.00000,
 8.50000,3470.46703,-0.00000,13999.09792,-0.00000,-14.02171,-0.00000,380.09292, 1.38644, 0.00000,-0.00000,-5.40299,-0.00000, 0.06923,-0.00000, 0.20861, 0.35846,111.81732,1242.21940,2120.62145,-2.46069, 0.00000, 0.00000,
 8.60000,3507.12908,-0.00000,13988.86771,-0.00000,-14.52967,-0.00000,381.16389, 1.24469, 0.00000,-0.00000,-4.76066,-0.00000, 0.06844,-0.00000, 0.20355, 0.35946,112.48547,1242.72881,2120.62145,-2.46069, 0.00000, 0.00000,
 8.70000,3543.82891,-0.00000,13978.37378,-0.00000,-14.97484,-0.00000,382.25399, 1.16490, 0.00000,-0.00000,-4.14810,-0.00000, 0.06795,-0.00000, 0.20442, 0.36047,113.16811,1243.25153,2120.62145,-2.46069, 0.00000, 0.00000,
 8.80000,3580.56689,-0.00000,13967.61613,-0.00000,-15.36039,-0.00000,383.36294, 1.14112, 0.00000,-0.00000,-3.56873,-0.00000, 0.06774,-0.00000, 0.21068, 0.36150,113.86522,1243.78756,2120.62145,-2.46069, 0.00000, 0.00000,
 8.90000,3617.34389,-0.00000,13956.59647,-0.00000,-15.68979,-0.00000,384.49039, 1.16741, 0.00000,-0.00000,-3.02532,-0.00000, 0.06779,-0.00000, 0.22180, 0.36255,114.57668,1244.33684,2120.62145,-2.46069, 0.00000, 0.00000,
 9.00000,3654.16121,-0.00000,13945.31797,-0.00000,-15.96673,-0.00000,385.63580, 1.23784, 0.00000,-0.00000,-2.52001,-0.00000, 0.06808,-0.00000, 0.23723, 0.36361,115.30231,1244.89923,2120.62145,-2.46069, 0.00000, 0.00000,
 9.10000,3691.02063,-0.00000,13933.78519,-0.00000,-16.19511,-0.00000,386.79846, 1.34661, 0.00000,-0.00000,-2.05433,-0.00000, 0.06860,-0.00000, 0.25644, 0.36469,116.04178,1245.47451,2120.62145,-2.46069, 0.00000, 0.00000,
 9.20000,3727.92428,-0.00000,13922.00384,-0.00000,-16.37895,-0.00000,387.97740, 1.48807, 0.00000,-0.00000,-1.62924,-0.00000, 0.06930,-0.00000, 0.27889, 0.36579,116.79463,1246.06241,2120.62145,-2.46069, 0.00000, 0.00000,
 9.30000,3764.87465,-0.00000,13909.98061,-0.00000,-16.52233,-0.00000,389.17147, 1.65678, 0.00000,-0.00000,-1.24519,-0.00000, 0.07017,-0.00000, 0.30406, 0.36690,117.56024,1246.66261,2120.62145,-2.46069, 0.00000, 0.00000,
 9.40000,3801.87451,-0.00000,13897.72307,-0.00000,-16.62935,-0.00000,390.37930, 1.84756, 0.00000,-0.00000,-0.90212,-0.00000, 0.07119,-0.00000, 0.33145, 0.36802,118.33786,1247.27474,2120.62145,-2.46069, 0.00000, 0.00000,
 9.50000,3838.92684,-0.00000,13885.23947,-0.00000,-16.70410,-0.00000,391.59935, 2.05549, 0.00000,-0.00000,-0.59952,-0.00000, 0.07232,-0.00000, 0.36055, 0.36915,119.12666,1247.89842,2120.62145,-2.46069, 0.00000, 0.00000,
 9.60000,3876.03482,-0.00000,13872.53857,-0.00000,-16.75058,-0.00000,392.82998, 2.27597, 0.00000,-0.00000,-0.33649,-0.00000, 0.07353,-0.00000, 0.39092, 0.37029,119.92568,1248.53320,2120.62145,-2.46069, 0.00000, 0.00000,
 9.70000,3913.20170,-0.00000,13859.62958,-0.00000,-16.77268,-0.00000,394.06947, 2.50475, 0.00000,-0.00000,-0.11174,-0.00000, 0.07482,-0.00000, 0.42211, 0.37144,120.73392,1249.17866,2120.62145,-2.46069, 0.00000, 0.00000,
 9.80000,3950.43082,-0.00000,13846.52194,-0.00000,-16.77415,-0.00000,395.31607, 2.73791, 0.00000,-0.00000, 0.07631,-0.00000, 0.07614,-0.00000, 0.45371, 0.37260,121.55035,1249.83432,2120.62145,-2.46069, 0.00000, 0.00000,
 9.90000,3987.72552,-0.00000,13833.22526,-0.00000,-16.75857,-0.00000,396.56808, 2.97191, 0.00000,-0.00000, 0.22953,-0.00000, 0.07748,-0.00000, 0.48536, 0.37376,122.37395,1250.49972,2120.62145,-2.46069, 0.00000, 0.00000,
10.00000,4025.08911,-0.00000,13819.74917,-0.00000,-16.72933,-0.00000,397.82386, 3.20357, 0.00000,-0.00000, 0.35000,-0.00000, 0.07881,-0.00000, 0.51670, 0.37492,123.20371,1251.17439,2120.62145,-2.46069, 0.00000, 0.00000,
10.10000,4062.52483,-0.00000,13806.10324,-0.00000,-16.68959,-0.00000,399.08189, 3.43009, 0.00000,-0.00000, 0.44001,-0.00000, 0.08013,-0.00000, 0.54744, 0.37609,124.03870,1251.85786,2120.62145,-2.46069, 0.00000, 0.00000,
10.20000,4100.03581,-0.00000,13792.29686,-0.00000,-16.64227,-0.00000,400.34080, 3.64902, 0.00000,-0.00000, 0.50195,-0.00000, 0.08140,-0.00000, 0.57730, 0.37725,124.87806,1252.54968,2120.62145,-2.46069, 0.00000, 0.00000,
10.30000,4137.62507,-0.00000,13778.33916,-0.00000,-16.59005,-0.00000,401.59938, 3.85828, 0.00000,-0.00000, 0.53834,-0.00000, 0.08262,-0.00000, 0.60604, 0.37842,125.72100,1253.24939,2120.62145,-2.46069, 0.00000, 0.00000,
10.40000,4175.29546,-0.00000,13764.23898,-0.00000,-16.53537,-0.00000,402.85660, 4.05614, 0.00000,-0.00000, 0.55174,-0.00000, 0.08377,-0.00000, 0.63348, 0.37958,126.56688,1253.95656,2120.62145,-2.46069, 0.00000, 0.00000,
10.50000,4213.04969,-0.00000,13750.00473,-0.00000,-16.48038,-0.00000,404.11165, 4.24121, 0.00000,-0.00000, 0.54474,-0.00000, 0.08485,-0.00000, 0.65944, 0.38074,127.41514,1254.67078,2120.62145,-2.46069, 0.00000, 0.00000,
10.60000,4250.89027,-0.00000,13735.64441,-0.00000,-16.42701,-0.00000,405.36390, 4.41239, 0.00000,-0.00000, 0.51991,-0.00000, 0.08584,-0.00000, 0.68380, 0.38190,128.26535,1255.39166,2120.62145,-2.46069, 0.00000, 0.00000,
10.70000,4288.81954,-0.00000,13721.16552,-0.00000,-16.37691,-0.00000,406.61290, 4.56891, 0.00000,-0.00000, 0.47979,-0.00000, 0.08673,-0.00000, 0.70646, 0.38306,129.11719,1256.11883,2120.62145,-2.46069, 0.00000, 0.00000,
10.80000,4326.83965,-0.00000,13706.57505,-0.00000,-16.33148,-0.00000,407.85841, 4.71024, 0.00000,-0.00000, 0.42683,-0.00000, 0.08753,-0.00000, 0.72735, 0.38421,129.97047,1256.85195,2120.62145,-2.46069, 0.00000, 0.00000,
10.90000,4364.95258,-0.00000,13691.87945,-0.00000,-16.29189,-0.00000,409.10033, 4.83614, 0.00000,-0.00000, 0.36340,-0.00000, 0.08824,-0.00000, 0.74645, 0.38536,130.82510,1257.59069,2120.62145,-2.46069, 0.00000, 0.00000,
11.00000,4403.16012,-0.00000,13677.08462,-0.00000,-16.25908,-0.00000,410.33871, 4.94656, 0.00000,-0.00000, 0.29176,-0.00000, 0.08884,-0.00000, 0.76373, 0.38650,131.68105,1258.33478,2120.62145,-2.46069, 0.00000, 0.00000,
11.10000,4441.46388,-0.00000,13662.19589,-0.00000,-16.23375,-0.00000,411.57396, 5.04169, 0.00000,-0.00000, 0.21360,-0.00000, 0.08964,-0.00000, 0.77920, 0.38764,132.53858,1259.08395,2120.62145,-2.46069, 0.00000, 0.00000,
11.20000,4479.86541,-0.00000,13647.21802,-0.00000,-16.21660,-0.00000,412.80788, 5.12171, 0.00000,-0.00000, 0.12834,-0.00000, 0.09063,-0.00000, 0.79284, 0.38878,133.39879,1259.83797,2120.62145,-2.46069, 0.00000, 0.00000,
11.30000,4518.36616,-0.00000,13632.15516,-0.00000,-16.20825,-0.00000,414.04087, 5.18687, 0.00000,-0.00000, 0.03807,-0.00000, 0.09142,-0.00000, 0.80471, 0.38992,134.26194,1260.59663,2120.62145,-2.46069, 0.00000, 0.00000,
11.40000,4556.96741,-0.00000,13617.01092,-0.00000,-16.20907,-0.00000,415.27305, 5.23763, 0.00000,-0.00000,-0.05472,-0.00000, 0.09201,-0.00000, 0.81485, 0.39106,135.12811,1261.35976,2120.62145,-2.46069, 0.00000, 0.00000,
11.50000,4595.67025,-0.00000,13601.78838,-0.00000,-16.21920,-0.00000,416.50465, 5.27464, 0.00000,-0.00000,-0.14779,-0.00000, 0.09241,-0.00000, 0.82336, 0.39219,135.99743,1262.12722,2120.62145,-2.46069, 0.00000, 0.00000,
11.60000,4634.47562,-0.00000,13586.49012,-0.00000,-16.23857,-0.00000,417.73589, 5.29874, 0.00000,-0.00000,-0.23910,-0.00000, 0.09262,-0.00000, 0.83033, 0.39333,136.87003,1262.89887,2120.62145,-2.46069, 0.00000, 0.00000,
11.70000,4673.38429,-0.00000,13571.11825,-0.00000,-16.26691,-0.00000,418.96705, 5.31087, 0.00000,-0.00000,-0.32692,-0.00000, 0.09267,-0.00000, 0.83588, 0.39446,137.74610,1263.67461,2120.62145,-2.46069, 0.00000, 0.00000,
11.80000,4712.39691,-0.00000,13555.67442,-0.00000,-16.30379,-0.00000,420.19840, 5.31208, 0.00000,-0.00000,-0.40975,-0.00000, 0.09257,-0.00000, 0.84015, 0.39560,138.62583,1264.45437,2120.62145,-2.46069, 0.00000, 0.00000,
11.90000,4751.51399,-0.00000,13540.15990,-0.00000,-16.34865,-0.00000,421.43020, 5.30350, 0.00000,-0.00000,-0.48633,-0.00000, 0.09232,-0.00000, 0.84327, 0.39674,139.50938,1265.23809,2120.62145,-2.46069, 0.00000, 0.00000,
12.00000,4790.73593,-0.00000,13524.57559,-0.00000,-16.40081,-0.00000,422.66271, 5.28629, 0.00000,-0.00000,-0.55567,-0.00000, 0.09195,-0.00000, 0.84538, 0.39787,140.39695,1266.02574,2120.62145,-2.46069, 0.00000, 0.00000,
12.10000,4830.06305,-0.00000,13508.92210,-0.00000,-16.45952,-0.00000,423.89616, 5.26163, 0.00000,-0.00000,-0.61703,-0.00000, 0.09147,-0.00000, 0.84663, 0.39901,141.28869,1266.81727,2120.62145,-2.46069, 0.00000, 0.00000,
12.20000,4869.49556,-0.00000,13493.19973,-0.00000,-16.52394,-0.00000,425.13074, 5.23072, 0.00000,-0.00000,-0.66987,-0.00000, 0.09090, 0.00000, 0.84717, 0.40015,142.18475,1267.61269,2120.62145,-2.46069, 0.00000, 0.00000,
12.30000,4909.03363,-0.00000,13477.40861,-0.00000,-16.59320,-0.00000,426.36663, 5.19469, 0.00000,-0.00000,-0.71388,-0.00000, 0.09024,-0.00000, 0.84714, 0.40129,143.08527,1268.41199,2120.62145,-2.46069, 0.00000, 0.00000,
12.40000,4948.67736,-0.00000,13461.54866,-0.00000,-16.66641,-0.00000,427.60396, 5.15466, 0.00000,-0.00000,-0.74892,-0.00000, 0.08953,-0.00000, 0.84668, 0.40243,143.99034,1269.21519,2120.62145,-2.46069, 0.00000, 0.00000,
12.50000,4988.42681,-0.00000,13445.61966,-0.00000,-16.74269,-0.00000,428.84282, 5.11168, 0.00000,-0.00000,-0.77505,-0.00000, 0.08877,-0.00000, 0.84591, 0.40357,144.90007,1270.02229,2120.62145,-2.46069, 0.00000, 0.00000,
12.60000,5028.28200,-0.00000,13429.62131,-0.00000,-16.82113,-0.00000,430.08327, 5.06674, 0.00000,-0.00000,-0.79247,-0.00000, 0.08797,-0.00000, 0.84497, 0.40471,145.81450,1270.83333,2120.62145,-2.46069, 0.00000, 0.00000,
12.70000,5068.24297,-0.00000,13413.55327,-0.00000,-16.90090,-0.00000,431.32534, 5.02074, 0.00000,-0.00000,-0.80151,-0.00000, 0.08716,-0.00000, 0.84397, 0.40585,146.73368,1271.64831,2120.62145,-2.46069, 0.00000, 0.00000,
12.80000,5108.30971,-0.00000,13397.41514,-0.00000,-16.98118,-0.00000,432.56921, 4.97450, 0.00000,-0.00000,-0.80294,-0.00000, 0.08654,-0.00000, 0.84299, 0.40700,147.65776,1272.46728,2120.62145,-2.46069, 0.00000, 0.00000,
12.90000,5148.48229,-0.00000,13381.20653,-0.00000,-17.06130,-0.00000,433.81576, 4.92864, 0.00000,-0.00000,-0.79876,-0.00000, 0.08610,-0.00000, 0.84210, 0.40814,148.58737,1273.29025,2120.62145,-2.46069, 0.00000, 0.00000,
13.00000,5188.76085,-0.00000,13364.92709,-0.00000,-17.14076,-0.00000,435.06507, 4.88362, 0.00000,-0.00000,-0.78963,-0.00000, 0.08565,-0.00000, 0.84136, 0.40929,149.52258,1274.11725,2120.62145,-2.46069, 0.00000, 0.00000,
13.10000,5229.14552,-0.00000,13348.57646,-0.00000,-17.21908,-0.00000,436.31705, 4.83984, 0.00000,-0.00000,-0.77598,-0.00000, 0.08522,-0.00000, 0.84082, 0.41045,150.46338,1274.94830,2120.62145,-2.46069, 0.00000, 0.00000,
13.20000,5269.63647,-0.00000,13332.15438,-0.00000,-17.29582,-0.00000,437.57162, 4.79763, 0.00000,-0.00000,-0.75828,-0.00000, 0.08480,-0.00000, 0.84051, 0.41160,151.40973,1275.78342,2120.62145,-2.46069, 0.00000, 0.00000,
13.30000,5310.23387,-0.00000,13315.66065,-0.00000,-17.37062,-0.00000,438.82864, 4.75728, 0.00000,-0.00000,-0.73701,-0.00000, 0.08438,-0.00000, 0.84048, 0.41276,152.36157,1276.62262,2120.62145,-2.46069, 0.00000, 0.00000,
13.40000,5350.93791,-0.00000,13299.09518,-0.00000,-17.44312,-0.00000,440.08798, 4.71898, 0.00000,-0.00000,-0.71262,-0.00000, 0.08398,-0.00000, 0.84076, 0.41391,153.31884,1277.46593,2120.62145,-2.46069, 0.00000, 0.00000,
13.50000,5391.74883,-0.00000,13282.45793,-0.00000,-17.51305,-0.00000,441.34949, 4.68291, 0.00000,-0.00000,-0.68558,-0.00000, 0.08360,-0.00000, 0.84135, 0.41507,154.28146,1278.31334,2120.62145,-2.46069, 0.00000, 0.00000,
13.60000,5432.66685,-0.00000,13265.74901,-0.00000,-17.58017,-0.00000,442.61299, 4.64917, 0.00000,-0.00000,-0.65634,-0.00000, 0.08323,-0.00000, 0.84228, 0.41623,155.24933,1279.16486,2120.62145,-2.46069, 0.00000, 0.00000,
13.70000,5473.69226,-0.00000,13248.96862,-0.00000,-17.64426,-0.00000,443.87831, 4.61781, 0.00000,-0.00000,-0.62533,-0.00000, 0.08288,-0.00000, 0.84356, 0.41740,156.22235,1280.02047,2120.62145,-2.46069, 0.00000, 0.00000,
13.80000,5514.82534,-0.00000,13232.11704,-0.00000,-17.70519,-0.00000,445.14527, 4.58886, 0.00000,-0.00000,-0.59295,-0.00000, 0.08254,-0.00000, 0.84518, 0.41856,157.20042,1280.88019,2120.62145,-2.46069, 0.00000, 0.00000,
13.90000,5556.06643,-0.00000,13215.19471,-0.00000,-17.76282,-0.00000,446.41368, 4.56230, 0.00000,-0.00000,-0.55960,-0.00000, 0.08222,-0.00000, 0.84714, 0.41973,158.18342,1281.74398,2120.62145,-2.46069, 0.00000, 0.00000,
14.00000,5597.41585,-0.00000,13198.20214,-0.00000,-17.81708,-0.00000,447.68333, 4.53808, 0.00000,-0.00000,-0.52561,-0.00000, 0.08192,-0.00000, 0.84943, 0.42089,159.17124,1282.61182,2120.62145,-2.46069, 0.00000, 0.00000,
14.10000,5638.87400,-0.00000,13181.13996,-0.00000,-17.86793,-0.00000,448.95405, 4.51611, 0.00000,-0.00000,-0.49131,-0.00000, 0.08163,-0.00000, 0.85205, 0.42206,160.16375,1283.48370,2120.62145,-2.46069, 0.00000, 0.00000,
14.20000,5680.44125,-0.00000,13164.00891,-0.00000,-17.91535,-0.00000,450.22563, 4.49629, 0.00000,-0.00000,-0.45700,-0.00000, 0.08135,-0.00000, 0.85498, 0.42323,161.16083,1284.35958,2120.62145,-2.46069, 0.00000, 0.00000,
14.30000,5722.11803,-0.00000,13146.80981,-0.00000,-17.95934,-0.00000,451.49787, 4.47850, 0.00000,-0.00000,-0.42292,-0.00000, 0.08109,-0.00000, 0.85820, 0.42439,162.16236,1285.23942,2120.62145,-2.46069, 0.00000, 0.00000,
14.40000,5763.90477,-0.00000,13129.54360,-0.00000,-17.99995,-0.00000,452.77060, 4.46260, 0.00000,-0.00000,-0.38931,-0.00000, 0.08084,-0.00000, 0.86168, 0.42556,163.16820,1286.12319,2120.62145,-2.46069, 0.00000, 0.00000,
14.50000,5805.80192,-0.00000,13112.21129,-0.00000,-18.03722,-0.00000,454.04361, 4.44844, 0.00000,-0.00000,-0.35635,-0.00000, 0.08061,-0.00000, 0.86542, 0.42673,164.17823,1287.01082,2120.62145,-2.46069, 0.00000, 0.00000,
14.60000,5847.80994,-0.00000,13094.81398,-0.00000,-18.07124,-0.00000,455.31673, 4.43587, 0.00000,-0.00000,-0.32421,-0.00000, 0.08038,-0.00000, 0.86939, 0.42790,165.19232,1287.90229,2120.62145,-2.46069, 0.00000, 0.00000,
14.70000,5889.92931,-0.00000,13077.35282,-0.00000,-18.10210,-0.00000,456.58978, 4.42471, 0.00000,-0.00000,-0.29301,-0.00000, 0.08016,-0.00000, 0.87355, 0.42907,166.21035,1288.79752,2120.62145,-2.46069, 0.00000, 0.00000,
14.80000,5932.16054,-0.00000,13059.82907,-0.00000,-18.12988,-0.00000,457.86259, 4.41481, 0.00000,-0.00000,-0.26284,-0.00000, 0.07996,-0.00000, 0.87790, 0.43023,167.23221,1289.69647,2120.62145,-2.46069, 0.00000, 0.00000,
14.90000,5974.50410,-0.00000,13042.24400,-0.00000,-18.15470,-0.00000,459.13499, 4.40601, 0.00000,-0.00000,-0.23380,-0.00000, 0.07976,-0.00000, 0.88241, 0.43140,168.25776,1290.59907,2120.62145,-2.46069, 0.00000, 0.00000,
15.00000,6016.96050,-0.00000,13024.59898,-0.00000,-18.17668,-0.00000,460.40682, 4.39815, 0.00000,-0.00000,-0.20590,-0.00000, 0.07956,-0.00000, 0.88705, 0.43256,169.28690,1291.50526,2120.62145,-2.46069, 0.00000, 0.00000,
15.10000,6059.53026,-0.00000,13006.89539,-0.00000,-18.19592,-0.00000,461.67793, 4.39108, 0.00000,-0.00000,-0.17920,-0.00000, 0.07937,-0.00000, 0.89179, 0.43373,170.31951,1292.41497,2120.62145,-2.46069, 0.00000, 0.00000,
15.20000,6102.21388,-0.00000,12989.13467,-0.00000,-18.21256,-0.00000,462.94818, 4.38466, 0.00000,-0.00000,-0.15367,-0.00000, 0.07919,-0.00000, 0.89663, 0.43489,171.35548,1293.32814,2120.62145,-2.46069, 0.00000, 0.00000,
15.30000,6145.01186,-0.00000,12971.31827,-0.00000,-18.22670,-0.00000,464.21743, 4.37875, 0.00000,-0.00000,-0.12932,-0.00000, 0.07901,-0.00000, 0.90154, 0.43605,172.39471,1294.24469,2120.62145,-2.46069, 0.00000, 0.00000,
15.40000,6187.92471,-0.00000,12953.44770,-0.00000,-18.23846,-0.00000,465.48555, 4.37323, 0.00000,-0.00000,-0.10610,-0.00000, 0.07882,-0.00000, 0.90650, 0.43721,173.43709,1295.16456,2120.62145,-2.46069, 0.00000, 0.00000,
15.50000,6230.95292,-0.00000,12935.52445,-0.00000,-18.24795,-0.00000,466.75242, 4.36800, 0.00000,-0.00000,-0.08397,-0.00000, 0.07864,-0.00000, 0.91150, 0.43837,174.48253,1296.08766,2120.62145,-2.46069, 0.00000, 0.00000,
15.60000,6274.09700,-0.00000,12917.55007,-0.00000,-18.25529,-0.00000,468.01791, 4.36294, 0.00000,-0.00000,-0.06288,-0.00000, 0.07846,-0.00000, 0.91651, 0.43953,175.53092,1297.01393,2120.62145,-2.46069, 0.00000, 0.00000,
15.70000,6317.35742,-0.00000,12899.52607,-0.00000,-18.26056,-0.00000,469.28192, 4.35797, 0.00000,-0.00000,-0.04275,-0.00000, 0.07828,-0.00000, 0.92153, 0.44069,176.58219,1297.94329,2120.62145,-2.46069, 0.00000, 0.00000,
15.80000,6360.73466,-0.00000,12881.45400,-0.00000,-18.26387,-0.00000,470.54434, 4.35300, 0.00000,-0.00000,-0.02352,-0.00000, 0.07810,-0.00000, 0.92654, 0.44184,177.63623,1298.87567,2120.62145,-2.46069, 0.00000, 0.00000,
15.90000,6404.22919,-0.00000,12863.33540,-0.00000,-18.26529,-0.00000,471.80508, 4.34799, 0.00000,-0.00000,-0.00511,-0.00000, 0.07792,-0.00000, 0.93154, 0.44300,178.69297,1299.81100,2120.62145,-2.46069, 0.00000, 0.00000,
16.00000,6447.84146,-0.00000,12845.17182,-0.00000,-18.26491,-0.00000,473.06404, 4.34287, 0.00000,-0.00000, 0.01256,-0.00000, 0.07773,-0.00000, 0.93651, 0.44415,179.75232,1300.74918,2120.62145,-2.46069, 0.00000, 0.00000,
16.10000,6491.57191,-0.00000,12826.96479,-0.00000,-18.26280,-0.00000,474.32113, 4.33759, 0.00000,-0.00000, 0.02958,-0.00000, 0.07754,-0.00000, 0.94145, 0.44530,180.81420,1301.69016,2120.62145,-2.46069, 0.00000, 0.00000,
16.20000,6535.42097,-0.00000,12808.71585,-0.00000,-18.25902,-0.00000,475.57626, 4.33213, 0.00000,-0.00000, 0.04602,-0.00000, 0.07735,-0.00000, 0.94635, 0.44644,181.87853,1302.63386,2120.62145,-2.46069, 0.00000, 0.00000,
16.30000,6579.38907,-0.00000,12790.42652,-0.00000,-18.25361,-0.00000,476.82935, 4.32646, 0.00000,-0.00000, 0.06196,-0.00000, 0.07715,-0.00000, 0.95122, 0.44759,182.94523,1303.58020,2120.62145,-2.46069, 0.00000, 0.00000,
16.40000,6623.47659,-0.00000,12772.09832,-0.00000,-18.24664,-0.00000,478.08033, 4.32056, 0.00000,-0.00000, 0.07747,-0.00000, 0.07695,-0.00000, 0.95604, 0.44873,184.01423,1304.52910,2120.62145,-2.46069, 0.00000, 0.00000,
16.50000,6667.68394,-0.00000,12753.73276,-0.00000,-18.23813,-0.00000,479.32910, 4.31443, 0.00000,-0.00000, 0.09264,-0.00000, 0.07675,-0.00000, 0.96081, 0.44987,185.08545,1305.48050,2120.62145,-2.46069, 0.00000, 0.00000,
16.60000,6712.01149,-0.00000,12735.33133,-0.00000,-18.22812,-0.00000,480.57561, 4.30807, 0.00000,-0.00000, 0.10752,-0.00000, 0.07655,-0.00000, 0.96554, 0.45101,186.15882,1306.43431,2120.62145,-2.46069, 0.00000, 0.00000,
16.70000,6756.45961,-0.00000,12716.89551,-0.00000,-18.21663,-0.00000,481.81978, 4.30147, 0.00000,-0.00000, 0.12219,-0.00000, 0.07634,-0.00000, 0.97023, 0.45214,187.23427,1307.39047,2120.62145,-2.46069, 0.00000, 0.00000,
16.80000,6801.02864,-0.00000,12698.42679,-0.00000,-18.20369,-0.00000,483.06153, 4.29466, 0.00000,-0.00000, 0.13669,-0.00000, 0.07613,-0.00000, 0.97487, 0.45328,188.31171,1308.34890,2120.62145,-2.46069, 0.00000, 0.00000,
16.90000,6845.71892,-0.00000,12679.92664,-0.00000,-18.18930,-0.00000,484.30080, 4.28764, 0.00000,-0.00000, 0.15107,-0.00000, 0.07591,-0.00000, 0.97947, 0.45441,189.39108,1309.30953,2120.62145,-2.46069, 0.00000, 0.00000,
17.00000,6890.53077,-0.00000,12661.39651,-0.00000,-18.17348,-0.00000,485.53750, 4.28044, 0.00000,-0.00000, 0.16538,-0.00000, 0.07569,-0.00000, 0.98404, 0.45553,190.47231,1310.27229,2120.62145,-2.46069, 0.00000, 0.00000,
17.10000,6935.46451,-0.00000,12642.83786,-0.00000,-18.15622,-0.00000,486.77158, 4.27307, 0.00000,-0.00000, 0.17967,-0.00000, 0.07547,-0.00000, 0.98857, 0.45666,191.55531,1311.23710,2120.62145,-2.46069, 0.00000, 0.00000,
17.20000,6980.52043,-0.00000,12624.25213,-0.00000,-18.13754,-0.00000,488.00296, 4.26556, 0.00000,-0.00000, 0.19395,-0.00000, 0.07525,-0.00000, 0.99308, 0.45778,192.64001,1312.20389,2120.62145,-2.46069, 0.00000, 0.00000,
17.30000,7025.69882,-0.00000,12605.64075,-0.00000,-18.11743,-0.00000,489.23157, 4.25793, 0.00000,-0.00000, 0.20825,-0.00000, 0.07503,-0.00000, 0.99755, 0.45890,193.72634,1313.17258,2120.62145,-2.46069, 0.00000, 0.00000,
17.40000,7070.99996,-0.00000,12587.00517,-0.00000,-18.09589,-0.00000,490.45734, 4.25020, 0.00000,-0.00000, 0.22260,-0.00000, 0.07480,-0.00000, 1.00201, 0.46002,194.81421,1314.14312,2120.62145,-2.46069, 0.00000, 0.00000,
17.50000,7116.42412,-0.00000,12568.34682,-0.00000,-18.07291,-0.00000,491.68019, 4.24240, 0.00000,-0.00000, 0.23702,-0.00000, 0.07457,-0.00000, 1.00644, 0.46113,195.90354,1315.11542,2120.62145,-2.46069, 0.00000, 0.00000,
17.60000,7161.97153,-0.00000,12549.66711,-0.00000,-18.04849,-0.00000,492.90006, 4.23456, 0.00000,-0.00000, 0.25150,-0.00000, 0.07434,-0.00000, 1.01086, 0.46224,196.99427,1316.08942,2120.62145,-2.46069, 0.00000, 0.00000,
17.70000,7207.64245,-0.00000,12530.96749,-0.00000,-18.02261,-0.00000,494.11688, 4.22668, 0.00000,-0.00000, 0.26605,-0.00000, 0.07411,-0.00000, 1.01527, 0.46335,198.08629,1317.06503,2120.62145,-2.46069, 0.00000, 0.00000,
17.80000,7253.43710,-0.00000,12512.24939,-0.00000,-17.99527,-0.00000,495.33056, 4.21881, 0.00000,-0.00000, 0.28069,-0.00000, 0.07388,-0.00000, 1.01968, 0.46446,199.17954,1318.04219,2120.62145,-2.46069, 0.00000, 0.00000,
17.90000,7299.35572,-0.00000,12493.51422,-0.00000,-17.96647,-0.00000,496.54104, 4.21095, 0.00000,-0.00000, 0.29540,-0.00000, 0.07364,-0.00000, 1.02408, 0.46556,200.27392,1319.02083,2120.62145,-2.46069, 0.00000, 0.00000,
18.00000,7345.39850,-0.00000,12474.76342,-0.00000,-17.93619,-0.00000,497.74824, 4.20312, 0.00000,-0.00000, 0.31018,-0.00000, 0.07341,-0.00000, 1.02847, 0.46666,201.36935,1320.00087,2120.62145,-2.46069, 0.00000, 0.00000,
18.10000,7391.56566,-0.00000,12455.99842,-0.00000,-17.90443,-0.00000,498.95208, 4.19535, 0.00000,-0.00000, 0.32502,-0.00000, 0.07317,-0.00000, 1.03287, 0.46775,202.46574,1320.98224,2120.62145,-2.46069, 0.00000, 0.00000,
18.20000,7437.85739,-0.00000,12437.22068,-0.00000,-17.87118,-0.00000,500.15249, 4.18764, 0.00000,-0.00000, 0.33992,-0.00000, 0.07294,-0.00000, 1.03727, 0.46884,203.56301,1321.96486,2120.62145,-2.46069, 0.00000, 0.00000,
18.30000,7484.27386,-0.00000,12418.43162,-0.00000,-17.83645,-0.00000,501.34939, 4.18002, 0.00000,-0.00000, 0.35486,-0.00000, 0.07270,-0.00000, 1.04168, 0.46993,204.66105,1322.94867,2120.62145,-2.46069, 0.00000, 0.00000,
18.40000,7530.81526,-0.00000,12399.63269,-0.00000,-17.80021,-0.00000,502.54271, 4.17248, 0.00000,-0.00000, 0.36983,-0.00000, 0.07247,-0.00000, 1.04610, 0.47101,205.75978,1323.93358,2120.62145,-2.46069, 0.00000, 0.00000,
18.50000,7577.48175,-0.00000,12380.82536,-0.00000,-17.76248,-0.00000,503.73236, 4.16504, 0.00000,-0.00000, 0.38482,-0.00000, 0.07224,-0.00000, 1.05052, 0.47209,206.85911,1324.91952,2120.62145,-2.46069, 0.00000, 0.00000,
18.60000,7624.27348,-0.00000,12362.01108,-0.00000,-17.72325,-0.00000,504.91828, 4.15771, 0.00000,-0.00000, 0.39981,-0.00000, 0.07200,-0.00000, 1.05495, 0.47317,207.95894,1325.90642,2120.62145,-2.46069, 0.00000, 0.00000,
18.70000,7671.19061,-0.00000,12343.19133,-0.00000,-17.68252,-0.00000,506.10038, 4.15049, 0.00000,-0.00000, 0.41480,-0.00000, 0.07177,-0.00000, 1.05940, 0.47425,209.05917,1326.89420,2120.62145,-2.46069, 0.00000, 0.00000,
18.80000,7718.23326,-0.00000,12324.36756,-0.00000,-17.64029,-0.00000,507.27858, 4.14339, 0.00000,-0.00000, 0.42976,-0.00000, 0.07153,-0.00000, 1.06385, 0.47531,210.15972,1327.88278,2120.62145,-2.46069, 0.00000, 0.00000,
18.90000,7765.40157,-0.00000,12305.54127,-0.00000,-17.59657,-0.00000,508.45282, 4.13640, 0.00000,-0.00000, 0.44468,-0.00000, 0.07130,-0.00000, 1.06832, 0.47638,211.26047,1328.87209,2120.62145,-2.46069, 0.00000, 0.00000,
19.00000,7812.69566,-0.00000,12286.71394,-0.00000,-17.55135,-0.00000,509.62300, 4.12953, 0.00000,-0.00000, 0.45956,-0.00000, 0.07107,-0.00000, 1.07279, 0.47744,212.36135,1329.86205,2120.62145,-2.46069, 0.00000, 0.00000,
19.10000,7860.11564,-0.00000,12267.88707,-0.00000,-17.50466,-0.00000,510.78907, 4.12278, 0.00000,-0.00000, 0.47438,-0.00000, 0.07084,-0.00000, 1.07728, 0.47850,213.46224,1330.85257,2120.62145,-2.46069, 0.00000, 0.00000,
19.20000,7907.66161,-0.00000,12249.06216,-0.00000,-17.45648,-0.00000,511.95092, 4.11615, 0.00000,-0.00000, 0.48914,-0.00000, 0.07061,-0.00000, 1.08177, 0.47955,214.56304,1331.84359,2120.62145,-2.46069, 0.00000, 0.00000,
19.30000,7955.33365,-0.00000,12230.24071,-0.00000,-17.40683,-0.00000,513.10851, 4.10964, 0.00000,-0.00000, 0.50381,-0.00000, 0.07038,-0.00000, 1.08627, 0.48060,215.66366,1332.83502,2120.62145,-2.46069, 0.00000, 0.00000,
19.40000,8003.13185,-0.00000,12211.42425,-0.00000,-17.35572,-0.00000,514.26173, 4.10323, 0.00000,-0.00000, 0.51840,-0.00000, 0.07015,-0.00000, 1.09078, 0.48165,216.76400,1333.82678,2120.62145,-2.46069, 0.00000, 0.00000,
19.50000,8051.05628,-0.00000,12192.61428,-0.00000,-17.30316,-0.00000,515.41053, 4.09694, 0.00000,-0.00000, 0.53289,-0.00000, 0.06992,-0.00000, 1.09530, 0.48269,217.86395,1334.81879,2120.62145,-2.46069, 0.00000, 0.00000,
19.60000,8099.10700,-0.00000,12173.81233,-0.00000,-17.24915,-0.00000,516.55483, 4.09075, 0.00000,-0.00000, 0.54728,-0.00000, 0.06969,-0.00000, 1.09982, 0.48373,218.96342,1335.81097,2120.62145,-2.46069, 0.00000, 0.00000,
19.70000,8147.28406,-0.00000,12155.01994,-0.00000,-17.19370,-0.00000,517.69455, 4.08466, 0.00000,-0.00000, 0.56157,-0.00000, 0.06946,-0.00000, 1.10435, 0.48476,220.06229,1336.80324,2120.62145,-2.46069, 0.00000, 0.00000,
19.80000,8195.58750,-0.00000,12136.23863,-0.00000,-17.13684,-0.00000,518.82961, 4.07867, 0.00000,-0.00000, 0.57575,-0.00000, 0.06923,-0.00000, 1.10888, 0.48579,221.16048,1337.79552,2120.62145,-2.46069, 0.00000, 0.00000,
19.90000,8244.01735,-0.00000,12117.46996,-0.00000,-17.07856,-0.00000,519.95996, 4.07277, 0.00000,-0.00000, 0.58981,-0.00000, 0.06900,-0.00000, 1.11341, 0.48681,222.25787,1338.78773,2120.62145,-2.46069, 0.00000, 0.00000,
20.00000,8292.57362,-0.00000,12098.71546,-0.00000,-17.01888,-0.00000,521.08551, 4.06696, 0.00000,-0.00000, 0.60376,-0.00000, 0.06877,-0.00000, 1.11795, 0.48783,223.35437,1339.77977,2120.62145,-2.46069, 0.00000, 0.00000,
20.10000,8341.25633,-0.00000,12079.97668,-0.00000,-16.95781,-0.00000,522.20619, 4.06124, 0.00000,-0.00000, 0.61760,-0.00000, 0.06855,-0.00000, 1.12248, 0.48884,224.44986,1340.77158,2120.62145,-2.46069, 0.00000, 0.00000,
20.20000,8390.06547,-0.00000,12061.25517,-0.00000,-16.89536,-0.00000,523.32194, 4.05559, 0.00000,-0.00000, 0.63131,-0.00000, 0.06832,-0.00000, 1.12701, 0.48985,225.54426,1341.76306,2120.62145,-2.46069, 0.00000, 0.00000,
20.30000,8439.00102,-0.00000,12042.55249,-0.00000,-16.83155,-0.00000,524.43268, 4.05002, 0.00000,-0.00000, 0.64491,-0.00000, 0.06809,-0.00000, 1.13154, 0.49086,226.63744,1342.75414,2120.62145,-2.46069, 0.00000, 0.00000,
20.40000,8488.06296,-0.00000,12023.87019,-0.00000,-16.76638,-0.00000,525.53834, 4.04453, 0.00000,-0.00000, 0.65840,-0.00000, 0.06787,-0.00000, 1.13607, 0.49186,227.72932,1343.74472,2120.62145,-2.46069, 0.00000, 0.00000,
20.50000,8537.25124,-0.00000,12005.20983,-0.00000,-16.69987,-0.00000,526.63886, 4.03910, 0.00000,-0.00000, 0.67177,-0.00000, 0.06764,-0.00000, 1.14059, 0.49285,228.81978,1344.73473,2120.62145,-2.46069, 0.00000, 0.00000,
20.60000,8586.56582,-0.00000,11986.57298,-0.00000,-16.63203,-0.00000,527.73417, 4.03374, 0.00000,-0.00000, 0.68502,-0.00000, 0.06742,-0.00000, 1.14511, 0.49384,229.90872,1345.72408,2120.62145,-2.46069, 0.00000, 0.00000,
20.70000,8636.00664,-0.00000,11967.96119,-0.00000,-16.56287,-0.00000,528.82420, 4.02844, 0.00000,-0.00000, 0.69817,-0.00000, 0.06719,-0.00000, 1.14962, 0.49482,230.99604,1346.71268,2120.62145,-2.46069, 0.00000, 0.00000,
20.80000,8685.57362,-0.00000,11949.37603,-0.00000,-16.49240,-0.00000,529.90888, 4.02321, 0.00000,-0.00000, 0.71120,-0.00000, 0.06697,-0.00000, 1.15412, 0.49580,232.08163,1347.70045,2120.62145,-2.46069, 0.00000, 0.00000,
20.90000,8735.26667,-0.00000,11930.81906,-0.00000,-16.42064,-0.00000,530.98815, 4.01803, 0.00000,-0.00000, 0.72412,-0.00000, 0.06675,-0.00000, 1.15862, 0.49678,233.16539,1348.68731,2120.62145,-2.46069, 0.00000, 0.00000,
21.00000,8785.08571,-0.00000,11912.29185,-0.00000,-16.34758,-0.00000,532.06195, 4.01291, 0.00000,-0.00000, 0.73694,-0.00000, 0.06652,-0.00000, 1.16311, 0.49775,234.24721,1349.67316,2120.62145,-2.46069, 0.00000, 0.00000,
21.10000,8835.03060,-0.00000,11893.79597,-0.00000,-16.27325,-0.00000,533.13020, 4.00785, 0.00000,-0.00000, 0.74965,-0.00000, 0.06630,-0.00000, 1.16759, 0.49871,235.32698,1350.65793,2120.62145,-2.46069, 0.00000, 0.00000,
21.20000,8885.10124,-0.00000,11875.33298,-0.00000,-16.19766,-0.00000,534.19285, 4.00285, 0.00000,-0.00000, 0.76226,-0.00000, 0.06608,-0.00000, 1.17206, 0.49967,236.40461,1351.64152,2120.62145,-2.46069, 0.00000, 0.00000,
21.30000,8935.29748,-0.00000,11856.90445,-0.00000,-16.12080,-0.00000,535.24983, 3.99789, 0.00000,-0.00000, 0.77477,-0.00000, 0.06585,-0.00000, 1.17652, 0.50062,237.47998,1352.62385,2120.62145,-2.46069, 0.00000, 0.00000,
21.40000,8985.61919,-0.00000,11838.51195,-0.00000,-16.04270,-0.00000,536.30108, 3.99299, 0.00000,-0.00000, 0.78719,-0.00000, 0.06563,-0.00000, 1.18097, 0.50157,238.55300,1353.60483,2120.62145,-2.46069, 0.00000, 0.00000,
21.50000,9036.06619,-0.00000,11820.15703,-0.00000,-15.96337,-0.00000,537.34654, 3.98814, 0.00000,-0.00000, 0.79950,-0.00000, 0.06541,-0.00000, 1.18540, 0.50251,239.62354,1354.58438,2120.62145,-2.46069, 0.00000, 0.00000,
21.60000,9086.63831,-0.00000,11801.84127,-0.00000,-15.88281,-0.00000,538.38614, 3.98335, 0.00000,-0.00000, 0.81172,-0.00000, 0.06519,-0.00000, 1.18983, 0.50345,240.69152,1355.56241,2120.62145,-2.46069, 0.00000, 0.00000,
21.70000,9137.33537,-0.00000,11783.56624,-0.00000,-15.80103,-0.00000,539.41983, 3.97861, 0.00000,-0.00000, 0.82385,-0.00000, 0.06497,-0.00000, 1.19425, 0.50438,241.75682,1356.53883,2120.62145,-2.46069, 0.00000, 0.00000,
21.80000,9188.15717,-0.00000,11765.33349,-0.00000,-15.71804,-0.00000,540.44754, 3.97391, 0.00000,-0.00000, 0.83588,-0.00000, 0.06475,-0.00000, 1.19865, 0.50531,242.81933,1357.51355,2120.62145,-2.46069, 0.00000, 0.00000,
21.90000,9239.10350,-0.00000,11747.14459,-0.00000,-15.63385,-0.00000,541.46921, 3.96927, 0.00000,-0.00000, 0.84782,-0.00000, 0.06453,-0.00000, 1.20304, 0.50623,243.87895,1358.48650,2120.62145,-2.46069, 0.00000, 0.00000,
22.00000,9290.17413,-0.00000,11729.00110,-0.00000,-15.54848,-0.00000,542.48478, 3.96469, 0.00000,-0.00000, 0.85967,-0.00000, 0.06431,-0.00000, 1.20742, 0.50714,244.93558,1359.45757,2120.62145,-2.46069, 0.00000, 0.00000,
22.10000,9341.36883,-0.00000,11710.90458,-0.00000,-15.46192,-0.00000,543.49421, 3.96015, 0.00000,-0.00000, 0.87143,-0.00000, 0.06409,-0.00000, 1.21178, 0.50805,245.98910,1360.42669,2120.62145,-2.46069, 0.00000, 0.00000,
22.20000,9392.68734,-0.00000,11692.85659,-0.00000,-15.37419,-0.00000,544.49741, 3.95567, 0.00000,-0.00000, 0.88310,-0.00000, 0.06388,-0.00000, 1.21613, 0.50895,247.03941,1361.39376,2120.62145,-2.46069, 0.00000, 0.00000,
22.30000,9444.12940,-0.00000,11674.85869,-0.00000,-15.28530,-0.00000,545.49435, 3.95123, 0.00000,-0.00000, 0.89469,-0.00000, 0.06366,-0.00000, 1.22047, 0.50985,248.08640,1362.35870,2120.62145,-2.46069, 0.00000, 0.00000,
22.40000,9495.69474,-0.00000,11656.91244,-0.00000,-15.19526,-0.00000,546.48496, 3.94685, 0.00000,-0.00000, 0.90618,-0.00000, 0.06344,-0.00000, 1.22479, 0.51074,249.12997,1363.32142,2120.62145,-2.46069, 0.00000, 0.00000,
22.50000,9547.38306,-0.00000,11639.01938,-0.00000,-15.10407,-0.00000,547.46918, 3.94252, 0.00000,-0.00000, 0.91758,-0.00000, 0.06323,-0.00000, 1.22910, 0.51163,250.17000,1364.28183,2120.62145,-2.46069, 0.00000, 0.00000,
22.60000,9599.19407,-0.00000,11621.18107,-0.00000,-15.01175,-0.00000,548.44695, 3.93824, 0.00000,-0.00000, 0.92890,-0.00000, 0.06301,-0.00000, 1.23340, 0.51250,251.20639,1365.23985,2120.62145,-2.46069, 0.00000, 0.00000,
22.70000,9651.12744,-0.00000,11603.39906,-0.00000,-14.91830,-0.00000,549.41823, 3.93402, 0.00000,-0.00000, 0.94012,-0.00000, 0.06280,-0.00000, 1.23767, 0.51338,252.23904,1366.19538,2120.62145,-2.46069, 0.00000, 0.00000,
22.80000,9703.18286,-0.00000,11585.67490,-0.00000,-14.82373,-0.00000,550.38296, 3.92984, 0.00000,-0.00000, 0.95126,-0.00000, 0.06259,-0.00000, 1.24194, 0.51424,253.26783,1367.14834,2120.62145,-2.46069, 0.00000, 0.00000,
22.90000,9755.35996,-0.00000,11568.01012,-0.00000,-14.72805,-0.00000,551.34107, 3.92572, 0.00000,-0.00000, 0.96231,-0.00000, 0.06237,-0.00000, 1.24618, 0.51510,254.29266,1368.09863,2120.62145,-2.46069, 0.00000, 0.00000,
23.00000,9807.65841,-0.00000,11550.40628,-0.00000,-14.63127,-0.00000,552.29252, 3.92165, 0.00000,-0.00000, 0.97326,-0.00000, 0.06216,-0.00000, 1.25042, 0.51596,255.31343,1369.04618,2120.62145,-2.46069, 0.00000, 0.00000,
23.10000,9860.07784,-0.00000,11532.86491,-0.00000,-14.53340,-0.00000,553.23725, 3.91763, 0.00000,-0.00000, 0.98413,-0.00000, 0.06195,-0.00000, 1.25463, 0.51681,256.33001,1369.99090,2120.62145,-2.46069, 0.00000, 0.00000,
23.20000,9912.61785,-0.00000,11515.38754,-0.00000,-14.43444,-0.00000,554.17521, 3.91366, 0.00000,-0.00000, 0.99491,-0.00000, 0.06174,-0.00000, 1.25883, 0.51765,257.34232,1370.93268,2120.62145,-2.46069, 0.00000, 0.00000,
23.30000,9965.27806,-0.00000,11497.97571,-0.00000,-14.33442,-0.00000,555.10635, 3.90974, 0.00000,-0.00000, 1.00559,-0.00000, 0.06153,-0.00000, 1.26301, 0.51848,258.35023,1371.87146,2120.62145,-2.46069, 0.00000, 0.00000,
23.40000,10018.05806,-0.00000,11480.63095,-0.00000,-14.23333,-0.00000,556.03061, 3.90588, 0.00000,-0.00000, 1.01619,-0.00000, 0.06133,-0.00000, 1.26717, 0.51931,259.35365,1372.80713,2120.62145,-2.46069, 0.00000, 0.00000,
23.50000,10070.95742,-0.00000,11463.35477,-0.00000,-14.13118,-0.00000,556.94794, 3.90206, 0.00000,-0.00000, 1.02669,-0.00000, 0.06112,-0.00000, 1.27131, 0.52013,260.35246,1373.73961,2120.62145,-2.46069, 0.00000, 0.00000,
23.60000,10123.97571,-0.00000,11446.14872,-0.00000,-14.02799,-0.00000,557.85829, 3.89829, 0.00000,-0.00000, 1.03711,-0.00000, 0.06091,-0.00000, 1.27543, 0.52095,261.34656,1374.66882,2120.62145,-2.46069, 0.00000, 0.00000,
23.70000,10177.11249,-0.00000,11429.01429,-0.00000,-13.92377,-0.00000,558.76161, 3.89458, 0.00000,-0.00000, 1.04743,-0.00000, 0.06071,-0.00000, 1.27954, 0.52176,262.33585,1375.59466,2120.62145,-2.46069, 0.00000, 0.00000,
23.80000,10230.36729,-0.00000,11411.95300,-0.00000,-13.81851,-0.00000,559.65785, 3.89091, 0.00000,-0.00000, 1.05766,-0.00000, 0.06051,-0.00000, 1.28363, 0.52256,263.32021,1376.51705,2120.62145,-2.46069, 0.00000, 0.00000,
23.90000,10283.73963,-0.00000,11394.96636,-0.00000,-13.71224,-0.00000,560.54695, 3.88729, 0.00000,-0.00000, 1.06779,-0.00000, 0.06030,-0.00000, 1.28769, 0.52336,264.29955,1377.43589,2120.62145,-2.46069, 0.00000, 0.00000,
24.00000,10337.22903,-0.00000,11378.05588,-0.00000,-13.60495,-0.00000,561.42888, 3.88372, 0.00000,-0.00000, 1.07783,-0.00000, 0.06010,-0.00000, 1.29173, 0.52415,265.27374,1378.35111,2120.62145,-2.46069, 0.00000, 0.00000,
24.10000,10390.83498,-0.00000,11361.22305,-0.00000,-13.49667,-0.00000,562.30358, 3.88020, 0.00000,-0.00000, 1.08779,-0.00000, 0.05990,-0.00000, 1.29576, 0.52493,266.24270,1379.26261,2120.62145,-2.46069, 0.00000, 0.00000,
24.20000,10444.55697,-0.00000,11344.46936,-0.00000,-13.38740,-0.00000,563.17100, 3.87672, 0.00000,-0.00000, 1.09764,-0.00000, 0.05970,-0.00000, 1.29976, 0.52571,267.20631,1380.17031,2120.62145,-2.46069, 0.00000, 0.00000,
24.30000,10498.39447,-0.00000,11327.79631,-0.00000,-13.27715,-0.00000,564.03110, 3.87329, 0.00000,-0.00000, 1.10741,-0.00000, 0.05951,-0.00000, 1.30374, 0.52648,268.16447,1381.07412,2120.62145,-2.46069, 0.00000, 0.00000,
24.40000,10552.34694,-0.00000,11311.20537,-0.00000,-13.16592,-0.00000,564.88383, 3.86991, 0.00000,-0.00000, 1.11708,-0.00000, 0.05931,-0.00000, 1.30770, 0.52724,269.11707,1381.97395,2120.62145,-2.46069, 0.00000, 0.00000,
24.50000,10606.41382,-0.00000,11294.69803,-0.00000,-13.05374,-0.00000,565.72914, 3.86657, 0.00000,-0.00000, 1.12666,-0.00000, 0.05911,-0.00000, 1.31163, 0.52799,270.06402,1382.86971,2120.62145,-2.46069, 0.00000, 0.00000,
24.60000,10660.59455,-0.00000,11278.27575,-0.00000,-12.94059,-0.00000,566.56698, 3.86329, 0.00000,-0.00000, 1.13614,-0.00000, 0.05892,-0.00000, 1.31554, 0.52874,271.00520,1383.76132,2120.62145,-2.46069, 0.00000, 0.00000,
24.70000,10714.88853,-0.00000,11261.94000,-0.00000,-12.82651,-0.00000,567.39732, 3.86004, 0.00000,-0.00000, 1.14553,-0.00000, 0.05873,-0.00000, 1.31943, 0.52948,271.94051,1384.64870,2120.62145,-2.46069, 0.00000, 0.00000,
24.80000,10769.29518,-0.00000,11245.69223,-0.00000,-12.71149,-0.00000,568.22010, 3.85684, 0.00000,-0.00000, 1.15483,-0.00000, 0.05853,-0.00000, 1.32329, 0.53022,272.86985,1385.53175,2120.62145,-2.46069, 0.00000, 0.00000,
24.90000,10823.81389,-0.00000,11229.53390,-0.00000,-12.59555,-0.00000,569.03529, 3.85369, 0.00000,-0.00000, 1.16403,-0.00000, 0.05834,-0.00000, 1.32713, 0.53095,273.79311,1386.41038,2120.62145,-2.46069, 0.00000, 0.00000,
25.00000,10878.44402,-0.00000,11213.46645,-0.00000,-12.47869,-0.00000,569.84284, 3.85058, 0.00000,-0.00000, 1.17314,-0.00000, 0.05816,-0.00000, 1.33095, 0.53167,274.71020,1387.28452,2120.62145,-2.46069, 0.00000, 0.00000,
25.10000,10933.18495,-0.00000,11197.49132,-0.00000,-12.36092,-0.00000,570.64270, 3.84751, 0.00000,-0.00000, 1.18216,-0.00000, 0.05797,-0.00000, 1.33474, 0.53238,275.62101,1388.15408,2120.62145,-2.46069, 0.00000, 0.00000,
25.20000,10988.03603,-0.00000,11181.60994,-0.00000,-12.24226,-0.00000,571.43484, 3.84449, 0.00000,-0.00000, 1.19108,-0.00000, 0.05778,-0.00000, 1.33850, 0.53309,276.52543,1389.01897,2120.62145,-2.46069, 0.00000, 0.00000,
25.30000,11042.99659,-0.00000,11165.82373,-0.00000,-12.12271,-0.00000,572.21920, 3.84151, 0.00000,-0.00000, 1.19991,-0.00000, 0.05760,-0.00000, 1.34223, 0.53379,277.42338,1389.87911,2120.62145,-2.46069, 0.00000, 0.00000,
25.40000,11098.06596,-0.00000,11150.13411,-0.00000,-12.00228,-0.00000,572.99576, 3.83858, 0.00000,-0.00000, 1.20864,-0.00000, 0.05741,-0.00000, 1.34594, 0.53448,278.31475,1390.73441,2120.62145,-2.46069, 0.00000, 0.00000,
25.50000,11153.24344,-0.00000,11134.54249,-0.00000,-11.88099,-0.00000,573.76447, 3.83568, 0.00000,-0.00000, 1.21728,-0.00000, 0.05723,-0.00000, 1.34962, 0.53517,279.19943,1391.58478,2120.62145,-2.46069, 0.00000, 0.00000,
25.60000,11208.52835,-0.00000,11119.05026,-0.00000,-11.75883,-0.00000,574.52529, 3.83283, 0.00000,-0.00000, 1.22583,-0.00000, 0.05705,-0.00000, 1.35328, 0.53584,280.07733,1392.43016,2120.62145,-2.46069, 0.00000, 0.00000,
25.70000,11263.91995,-0.00000,11103.65881,-0.00000,-11.63582,-0.00000,575.27818, 3.83002, 0.00000,-0.00000, 1.23429,-0.00000, 0.05687,-0.00000, 1.35690, 0.53652,280.94835,1393.27044,2120.62145,-2.46069, 0.00000, 0.00000,
25.80000,11319.41753,-0.00000,11088.36953,-0.00000,-11.51197,-0.00000,576.02310, 3.82726, 0.00000,-0.00000, 1.24265,-0.00000, 0.05669,-0.00000, 1.36050, 0.53718,281.81240,1394.10554,2120.62145,-2.46069, 0.00000, 0.00000,
25.90000,11375.02033,-0.00000,11073.18379,-0.00000,-11.38730,-0.00000,576.76002, 3.82453, 0.00000,-0.00000, 1.25091,-0.00000, 0.05651,-0.00000, 1.36407, 0.53783,282.66936,1394.93539,2120.62145,-2.46069, 0.00000, 0.00000,
26.00000,11430.72761,-0.00000,11058.10296,-0.00000,-11.26180,-0.00000,577.48889, 3.82185, 0.00000,-0.00000, 1.25909,-0.00000, 0.05634,-0.00000, 1.36761, 0.53848,283.51916,1395.75991,2120.62145,-2.46069, 0.00000, 0.00000,
26.10000,11486.53860,-0.00000,11043.12839,-0.00000,-11.13548,-0.00000,578.20968, 3.81920, 0.00000,-0.00000, 1.26717,-0.00000, 0.05617,-0.00000, 1.37112, 0.53912,284.36168,1396.57900,2120.62145,-2.46069, 0.00000, 0.00000,
26.20000,11542.45252,-0.00000,11028.26143,-0.00000,-11.00837,-0.00000,578.92235, 3.81660, 0.00000,-0.00000, 1.27515,-0.00000, 0.05599,-0.00000, 1.37460, 0.53976,285.19684,1397.39259,2120.62145,-2.46069, 0.00000, 0.00000,
26.30000,11598.46857,-0.00000,11013.50341,-0.00000,-10.88045,-0.00000,579.62686, 3.81404, 0.00000,-0.00000, 1.28304,-0.00000, 0.05582,-0.00000, 1.37805, 0.54039,286.02454,1398.20059,2120.62145,-2.46069, 0.00000, 0.00000,
26.40000,11654.58595,-0.00000,10998.85566,-0.00000,-10.75176,-0.00000,580.32319, 3.81152, 0.00000,-0.00000, 1.29084,-0.00000, 0.05566,-0.00000, 1.38147, 0.54100,286.84469,1399.00293,2120.62145,-2.46069, 0.00000, 0.00000,
26.50000,11710.80384,-0.00000,10984.31950,-0.00000,-10.62229,-0.00000,581.01129, 3.80903, 0.00000,-0.00000, 1.29855,-0.00000, 0.05549,-0.00000, 1.38485, 0.54162,287.65718,1399.79952,2120.62145,-2.46069, 0.00000, 0.00000,
26.60000,11767.12141,-0.00000,10969.89624,-0.00000,-10.49205,-0.00000,581.69113, 3.80659, 0.00000,-0.00000, 1.30616,-0.00000, 0.05532,-0.00000, 1.38821, 0.54222,288.46194,1400.59029,2120.62145,-2.46069, 0.00000, 0.00000,
26.70000,11823.53781,-0.00000,10955.58717,-0.00000,-10.36106,-0.00000,582.36269, 3.80419, 0.00000,-0.00000, 1.31367,-0.00000, 0.05516,-0.00000, 1.39153, 0.54282,289.25886,1401.37515,2120.62145,-2.46069, 0.00000, 0.00000,
26.80000,11880.05219,-0.00000,10941.39358,-0.00000,-10.22932,-0.00000,583.02591, 3.80183, 0.00000,-0.00000, 1.32110,-0.00000, 0.05500,-0.00000, 1.39482, 0.54340,290.04786,1402.15402,2120.62145,-2.46069, 0.00000, 0.00000,
26.90000,11936.66367,-0.00000,10927.31674,-0.00000,-10.09685,-0.00000,583.68078, 3.79950, 0.00000,-0.00000, 1.32842,-0.00000, 0.05484,-0.00000, 1.39808, 0.54399,290.82885,1402.92684,2120.62145,-2.46069, 0.00000, 0.00000,
27.00000,11993.37139,-0.00000,10913.35792,-0.00000,-9.96364,-0.00000,584.32726, 3.79722, 0.00000,-0.00000, 1.33566,-0.00000, 0.05468,-0.00000, 1.40131, 0.54456,291.60173,1403.69351,2120.62145,-2.46069, 0.00000, 0.00000,
27.10000,12050.17444,-0.00000,10899.51838,-0.00000,-9.82972,-0.00000,584.96531, 3.79497, 0.00000,-0.00000, 1.34280,-0.00000, 0.05452,-0.00000, 1.40450, 0.54513,292.36642,1404.45397,2120.62145,-2.46069, 0.00000, 0.00000,
27.20000,12107.07191,-0.00000,10885.79934,-0.00000,-9.69508,-0.00000,585.59492, 3.79276, 0.00000,-0.00000, 1.34985,-0.00000, 0.05436,-0.00000, 1.40766, 0.54568,293.12283,1405.20813,2120.62145,-2.46069, 0.00000, 0.00000,
27.30000,12164.06290,-0.00000,10872.20206,-0.00000,-9.55975,-0.00000,586.21604, 3.79059, 0.00000,-0.00000, 1.35680,-0.00000, 0.05421,-0.00000, 1.41078, 0.54623,293.87088,1405.95592,2120.62145,-2.46069, 0.00000, 0.00000,
27.40000,12221.14647,-0.00000,10858.72774,-0.00000,-9.42373,-0.00000,586.82865, 3.78846, 0.00000,-0.00000, 1.36366,-0.00000, 0.05406,-0.00000, 1.41387, 0.54678,294.61047,1406.69727,2120.62145,-2.46069, 0.00000, 0.00000,
27.50000,12278.32168,-0.00000,10845.37759,-0.00000,-9.28702,-0.00000,587.43273, 3.78637, 0.00000,-0.00000, 1.37042,-0.00000, 0.05391,-0.00000, 1.41693, 0.54731,295.34152,1407.43209,2120.62145,-2.46069, 0.00000, 0.00000,
27.60000,12335.58758,-0.00000,10832.15280,-0.00000,-9.14965,-0.00000,588.02823, 3.78431, 0.00000,-0.00000, 1.37709,-0.00000, 0.05376,-0.00000, 1.41995, 0.54784,296.06395,1408.16032,2120.62145,-2.46069, 0.00000, 0.00000,
27.70000,12392.94320,-0.00000,10819.05457,-0.00000,-9.01161,-0.00000,588.61514, 3.78229, 0.00000,-0.00000, 1.38366,-0.00000, 0.05361,-0.00000, 1.42293, 0.54836,296.77767,1408.88188,2120.62145,-2.46069, 0.00000, 0.00000,
27.80000,12450.38756,-0.00000,10806.08405,-0.00000,-8.87292,-0.00000,589.19342, 3.78031, 0.00000,-0.00000, 1.39015,-0.00000, 0.05347,-0.00000, 1.42588, 0.54887,297.48261,1409.59669,2120.62145,-2.46069, 0.00000, 0.00000,
27.90000,12507.91968,-0.00000,10793.24242,-0.00000,-8.73358,-0.00000,589.76306, 3.77836, 0.00000,-0.00000, 1.39653,-0.00000, 0.05333,-0.00000, 1.42879, 0.54937,298.17868,1410.30469,2120.62145,-2.46069, 0.00000, 0.00000,
28.00000,12565.53856,-0.00000,10780.53081,-0.00000,-8.59361,-0.00000,590.32402, 3.77646, 0.00000,-0.00000, 1.40282,-0.00000, 0.05319,-0.00000, 1.43167, 0.54987,298.86580,1411.00581,2120.62145,-2.46069, 0.00000, 0.00000,
28.10000,12623.24319,-0.00000,10767.95035,-0.00000,-8.45302,-0.00000,590.87628, 3.77459, 0.00000,-0.00000, 1.40902,-0.00000, 0.05305,-0.00000, 1.43451, 0.55036,299.54389,1411.69997,2120.62145,-2.46069, 0.00000, 0.00000,
28.20000,12681.03255,-0.00000,10755.50217,-0.00000,-8.31181,-0.00000,591.41981, 3.77275, 0.00000,-0.00000, 1.41512,-0.00000, 0.05291,-0.00000, 1.43731, 0.55084,300.21288,1412.38709,2120.62145,-2.46069, 0.00000, 0.00000,
28.30000,12738.90560,-0.00000,10743.18736,-0.00000,-8.17000,-0.00000,591.95460, 3.77095, 0.00000,-0.00000, 1.42113,-0.00000, 0.05278,-0.00000, 1.44007, 0.55131,300.87268,1413.06713,2120.62145,-2.46069, 0.00000, 0.00000,
28.40000,12796.86130,-0.00000,10731.00703,-0.00000,-8.02759,-0.00000,592.48061, 3.76919, 0.00000,-0.00000, 1.42705,-0.00000, 0.05264,-0.00000, 1.44280, 0.55178,301.52322,1413.73999,2120.62145,-2.46069, 0.00000, 0.00000,
28.50000,12854.89860,-0.00000,10718.96225,-0.00000,-7.88459,-0.00000,592.99783, 3.76746, 0.00000,-0.00000, 1.43287,-0.00000, 0.05251,-0.00000, 1.44549, 0.55223,302.16444,1414.40562,2120.62145,-2.46069, 0.00000, 0.00000,
28.60000,12913.01643,-0.00000,10707.05409,-0.00000,-7.74102,-0.00000,593.50623, 3.76577, 0.00000,-0.00000, 1.43859,-0.00000, 0.05238,-0.00000, 1.44814, 0.55268,302.79624,1415.06395,2120.62145,-2.46069, 0.00000, 0.00000,
28.70000,12971.21372,-0.00000,10695.28359,-0.00000,-7.59688,-0.00000,594.00579, 3.76412, 0.00000,-0.00000, 1.44422,-0.00000, 0.05226,-0.00000, 1.45075, 0.55312,303.41857,1415.71491,2120.62145,-2.46069, 0.00000, 0.00000,
28.80000,13029.48937,-0.00000,10683.65180,-0.00000,-7.45218,-0.00000,594.49649, 3.76250, 0.00000,-0.00000, 1.44976,-0.00000, 0.05213,-0.00000, 1.45332, 0.55355,304.03134,1416.35844,2120.62145,-2.46069, 0.00000, 0.00000,
28.90000,13087.84231,-0.00000,10672.15973,-0.00000,-7.30693,-0.00000,594.97831, 3.76091, 0.00000,-0.00000, 1.45520,-0.00000, 0.05201,-0.00000, 1.45585, 0.55398,304.63450,1416.99447,2120.62145,-2.46069, 0.00000, 0.00000,
29.00000,13146.27141,-0.00000,10660.80839,-0.00000,-7.16114,-0.00000,595.45123, 3.75937, 0.00000,-0.00000, 1.46054,-0.00000, 0.05189,-0.00000, 1.45835, 0.55439,305.22797,1417.62293,2120.62145,-2.46069, 0.00000, 0.00000,
29.10000,13204.77557,-0.00000,10649.59878,-0.00000,-7.01482,-0.00000,595.91524, 3.75785, 0.00000,-0.00000, 1.46579,-0.00000, 0.05177,-0.00000, 1.46080, 0.55480,305.81168,1418.24377,2120.62145,-2.46069, 0.00000, 0.00000,
29.20000,13263.35366,-0.00000,10638.53187,-0.00000,-6.86799,-0.00000,596.37030, 3.75637, 0.00000,-0.00000, 1.47095,-0.00000, 0.05165,-0.00000, 1.46321, 0.55520,306.38556,1418.85692,2120.62145,-2.46069, 0.00000, 0.00000,
29.30000,13322.00454,-0.00000,10627.60863,-0.00000,-6.72064,-0.00000,596.81641, 3.75493, 0.00000,-0.00000, 1.47601,-0.00000, 0.05154,-0.00000, 1.46559, 0.55559,306.94956,1419.46232,2120.62145,-2.46069, 0.00000, 0.00000,
29.40000,13380.72708,-0.00000,10616.83001,-0.00000,-6.57279,-0.00000,597.25355, 3.75352, 0.00000,-0.00000, 1.48098,-0.00000, 0.05142,-0.00000, 1.46792, 0.55598,307.50361,1420.05991,2120.62145,-2.46069, 0.00000, 0.00000,
29.50000,13439.52011,-0.00000,10606.19693,-0.00000,-6.42445,-0.00000,597.68169, 3.75214, 0.00000,-0.00000, 1.48585,-0.00000, 0.05131,-0.00000, 1.47021, 0.55635,308.04764,1420.64963,2120.62145,-2.46069, 0.00000, 0.00000,
29.60000,13498.38247,-0.00000,10595.71033,-0.00000,-6.27562,-0.00000,598.10084, 3.75080, 0.00000,-0.00000, 1.49063,-0.00000, 0.05120,-0.00000, 1.47246, 0.55672,308.58159,1421.23142,2120.62145,-2.46069, 0.00000, 0.00000,
29.70000,13557.31299,-0.00000,10585.37109,-0.00000,-6.12632,-0.00000,598.51096, 3.74949, 0.00000,-0.00000, 1.49531,-0.00000, 0.05110,-0.00000, 1.47467, 0.55708,309.10541,1421.80522,2120.62145,-2.46069, 0.00000, 0.00000,
29.80000,13616.31049,-0.00000,10575.18010,-0.00000,-5.97656,-0.00000,598.91205, 3.74822, 0.00000,-0.00000, 1.49990,-0.00000, 0.05099,-0.00000, 1.47684, 0.55743,309.61904,1422.37097,2120.62145,-2.46069, 0.00000, 0.00000,
29.90000,13675.37379,-0.00000,10565.13824,-0.00000,-5.82635,-0.00000,599.30409, 3.74698, 0.00000,-0.00000, 1.50439,-0.00000, 0.05089,-0.00000, 1.47896, 0.55778,310.12241,1422.92862,2120.62145,-2.46069, 0.00000, 0.00000,
30.00000,13734.50168,-0.00000,10555.24636,-0.00000,-5.67569,-0.00000,599.68706, 3.74578, 0.00000,-0.00000, 1.50879,-0.00000, 0.05079,-0.00000, 1.48105, 0.55811,310.61547,1423.47812,2120.62145,-2.46069, 0.00000, 0.00000,
