
time,npos,epos,alt,phi,theta,psi,vel,alpha,beta,p,q,r,nx,ny,nz,mach,qbar,ps,thrust,ele,ail,rud

 0.00000, 0.00000, 0.00000,15000.00000, 0.00000, 4.53071, 0.00000,500.00000, 4.53071, 0.00000, 0.00000, 0.00000, 0.00000,2109.41287,-2.24415,-0.09358, 0.09447, 6.28161, 1.00000,-0.09358,2109.41287,-2.24415,-0.09358, 0.09447,
 0.10000, 0.00000, 0.00000,15000.00000, 0.00000, 4.53071, 0.00000,500.00000, 4.53071, 0.00000, 0.00000, 0.00000, 0.00000,2109.41287,-2.24415,-0.09358, 0.09447, 6.28161, 1.00000,-0.09358,2109.41287,-2.24415,-0.09358, 0.09447,
 0.20000, 0.00000, 0.00000,15000.00000, 0.00000, 4.53071, 0.00000,500.00000, 4.53071, 0.00000, 0.00000, 0.00000, 0.00000,2109.41287,-2.24415,-0.09358, 0.09447, 6.28161, 1.00000,-0.09358,2109.41287,-2.24415,-0.09358, 0.09447,
 0.30000, 0.00000, 0.00000,15000.00000, 0.00000, 4.53071, 0.00000,500.00000, 4.53071, 0.00000, 0.00000, 0.00000, 0.00000,2109.41287,-2.24415,-0.09358, 0.09447, 6.28161, 1.00000,-0.09358,2109.41287,-2.24415,-0.09358, 0.09447,
 0.40000, 0.00000, 0.00000,15000.00000, 0.00000, 4.53071, 0.00000,500.00000, 4.53071, 0.00000, 0.00000, 0.00000, 0.00000,2109.41287,-2.24415,-0.09358, 0.09447, 6.28161, 1.00000,-0.09358,2109.41287,-2.24415,-0.09358, 0.09447,
 0.50000, 0.00000, 0.00000,15000.00000, 0.00000, 4.53071, 0.00000,500.00000, 4.53071, 0.00000, 0.00000, 0.00000, 0.00000,2109.41287,-2.24415,-0.09358, 0.09447, 6.28161, 1.00000,-0.09358,2109.41287,-2.24415,-0.09358, 0.09447,
 0.60000, 0.00000, 0.00000,15000.00000, 0.00000, 4.53071, 0.00000,500.00000, 4.53071, 0.00000, 0.00000, 0.00000, 0.00000,2109.41287,-2.24415,-0.09358, 0.09447, 6.28161, 1.00000,-0.09358,2109.41287,-2.24415,-0.09358, 0.09447,
 0.70000, 0.00000, 0.00000,15000.00000, 0.00000, 4.53071, 0.00000,500.00000, 4.53071, 0.00000, 0.00000, 0.00000, 0.00000,2109.41287,-2.24415,-0.09358, 0.09447, 6.28161, 1.00000,-0.09358,2109.41287,-2.24415,-0.09358, 0.09447,
 0.80000, 0.00000, 0.00000,15000.00000, 0.00000, 4.53071, 0.00000,500.00000, 4.53071, 0.00000, 0.00000, 0.00000, 0.00000,2109.41287,-2.24415,-0.09358, 0.09447, 6.28161, 1.00000,-0.09358,2109.41287,-2.24415,-0.09358, 0.09447,
 0.90000, 0.00000, 0.00000,15000.00000, 0.00000, 4.53071, 0.00000,500.00000, 4.53071, 0.00000, 0.00000, 0.00000, 0.00000,2109.41287,-2.24415,-0.09358, 0.09447, 6.28161, 1.00000,-0.09358,2109.41287,-2.24415,-0.09358, 0.09447,
 1.00000, 0.00000, 0.00000,15000.00000, 0.00000, 4.53071, 0.00000,500.00000, 4.53071, 0.00000, 0.00000, 0.00000, 0.00000,2109.41288,-2.24415,-0.09346, 0.09447, 6.28161, 1.00000,-0.09346,2109.41287,-0.24415,-0.09358, 0.09447,
 1.10000, 0.00020, 0.00000,15000.00257,-0.00023, 4.50172, 0.00038,500.00552, 4.49478,-0.00039,-0.00649,-0.75188, 0.00985,2109.41705,-2.24403,-0.07394, 0.09447, 6.28573, 0.99988,-0.07394,2109.41287,-0.24415,-0.09358, 0.09447,
 1.20000, 0.00142, 0.00005,15000.01019,-0.00104, 4.36892, 0.00212,500.02082, 4.36074,-0.00208,-0.01082,-1.90847, 0.02487,2109.41529,-2.24358,-0.11159, 0.09449, 6.29715, 0.99951,-0.11159,2109.41287,-0.24415,-0.09358, 0.09447,
 1.30000, 0.00484, 0.00029,15000.01158,-0.00161, 4.12229, 0.00530,500.05042, 4.13083,-0.00497,-0.00330,-3.00545, 0.03793,2109.41182,-2.24281,-0.16914, 0.09452, 6.31932, 0.99944,-0.16914,2109.41287,-0.24415,-0.09358, 0.09447,
 1.40000, 0.01218, 0.00095,14999.98838,-0.00059, 3.77210, 0.00960,500.10033, 3.82100,-0.00852, 0.01956,-3.97574, 0.04705,2109.40740,-2.24178,-0.23877, 0.09456, 6.35686, 1.00056,-0.23877,2109.41287,-0.24415,-0.09358, 0.09447,
 1.50000, 0.02576, 0.00239,14999.91826, 0.00356, 3.33174, 0.01458,500.17601, 3.44837,-0.01206, 0.05820,-4.80811, 0.05134,2109.40230,-2.24058,-0.31682, 0.09464, 6.41399, 1.00394,-0.31682,2109.41287,-0.24415,-0.09358, 0.09447,
 1.60000, 0.04840, 0.00499,14999.77611, 0.01232, 2.81509, 0.01973,500.28208, 3.02938,-0.01492, 0.11077,-5.50207, 0.05054,2109.39674,-2.23928,-0.40039, 0.09474, 6.49433, 1.01079,-0.40039,2109.41287,-0.24415,-0.09358, 0.09447,
 1.70000, 0.08332, 0.00924,14999.53508, 0.02685, 2.23582, 0.02455,500.42230, 2.57928,-0.01644, 0.17372,-6.06138, 0.04486,2109.39089,-2.23798,-0.48694, 0.09487, 6.60087, 1.02241,-0.48694,2109.41287,-0.24415,-0.09358, 0.09447,
 1.80000, 0.13409, 0.01563,14999.16729, 0.04795, 1.60709, 0.02859,500.59963, 2.11189,-0.01606, 0.24238,-6.49264, 0.03500,2109.38492,-2.23673,-0.57419, 0.09503, 6.73597, 1.04013,-0.57419,2109.41287,-0.24415,-0.09358, 0.09447,
 1.90000, 0.20455, 0.02468,14998.64469, 0.07589, 0.94128, 0.03147,500.81622, 1.63949,-0.01338, 0.31154,-6.80450, 0.02199,2109.37896,-2.23559,-0.66019, 0.09524, 6.90145, 1.06532,-0.66019,2109.41287,-0.24415,-0.09358, 0.09447,
 2.00000, 0.29870, 0.03691,14997.93957, 0.11044, 0.24983, 0.03294,501.07356, 1.17274,-0.00817, 0.37598,-7.00710, 0.00708,2109.37313,-2.23460,-0.74324, 0.09548, 7.09856, 1.09931,-0.74324,2109.41287,-0.24415,-0.09358, 0.09447,
 2.10000, 0.42065, 0.05285,14997.02519, 0.15088,-0.45687, 0.03287,501.37244, 0.72067,-0.00039, 0.43093,-7.11154,-0.00831,2109.36754,-2.23378,-0.82197, 0.09576, 7.32808, 1.14338,-0.82197,2109.41287,-0.24415,-0.09358, 0.09447,
 2.20000, 0.57458, 0.07297,14995.87618, 0.19605,-1.16959, 0.03130,501.71312, 0.29071, 0.00982, 0.47244,-7.12947,-0.02275,2109.36228,-2.23316,-0.89529, 0.09608, 7.59035, 1.19876,-0.89529,2109.41287,-0.24415,-0.09358, 0.09447,
 2.30000, 0.76466, 0.09773,14994.46892, 0.24447,-1.88028, 0.02839,502.09536,-0.11124, 0.02213, 0.49768,-7.07275,-0.03491,2109.35739,-2.23271,-0.96237, 0.09644, 7.88533, 1.26658,-0.96237,2109.41287,-0.24415,-0.09358, 0.09447,
 2.40000, 0.99502, 0.12756,14992.78177, 0.29445,-2.58205, 0.02441,502.51849,-0.48073, 0.03607, 0.50504,-6.95314,-0.04363,2109.35294,-2.23244,-1.02264, 0.09684, 8.21265, 1.34790,-1.02264,2109.41287,-0.24415,-0.09358, 0.09447,
 2.50000, 1.26969, 0.16282,14990.79532, 0.34419,-3.26919, 0.01978,502.98148,-0.81462, 0.05106, 0.49426,-6.78205,-0.04803,2109.34895,-2.23232,-1.07574, 0.09727, 8.57167, 1.44364,-1.07574,2109.41287,-0.24415,-0.09358, 0.09447,
 2.60000, 1.59260, 0.20384,14988.49242, 0.39198,-3.93711, 0.01494,503.48306,-1.11100, 0.06643, 0.46635,-6.57035,-0.04750,2109.34544,-2.23232,-1.12153, 0.09775, 8.96152, 1.55463,-1.12153,2109.41287,-0.24415,-0.09358, 0.09447,
 2.70000, 1.96753, 0.25088,14985.85831, 0.43622,-4.58225, 0.01042,504.02171,-1.36904, 0.08149, 0.42349,-6.32820,-0.04181,2109.34241,-2.23240,-1.16001, 0.09825, 9.38117, 1.68159,-1.16001,2109.41287,-0.24415,-0.09358, 0.09447,
 2.80000, 2.39812, 0.30417,14982.88055, 0.47563,-5.20204, 0.00673,504.59579,-1.58881, 0.09557, 0.36879,-6.06496,-0.03104,2109.33985,-2.23254,-1.19138, 0.09879, 9.82947, 1.82511,-1.19138,2109.41287,-0.24415,-0.09358, 0.09447,
 2.90000, 2.88781, 0.36390,14979.54902, 0.50924,-5.79482, 0.00435,505.20355,-1.77123, 0.10807, 0.30609,-5.78907,-0.01563,2109.33775,-2.23269,-1.21593, 0.09936,10.30515, 1.98568,-1.21593,2109.41287,-0.24415,-0.09358, 0.09447,
 3.00000, 3.43989, 0.43021,14975.85578, 0.53648,-6.35969, 0.00372,505.84319,-1.91786, 0.11845, 0.23961,-5.50803, 0.00374,2109.33606,-2.23284,-1.23430, 0.09996,10.80692, 2.16369,-1.23430,2109.41287,-4.24415,-0.09358, 0.09447,
 3.10000, 4.05706, 0.50320,14971.78981, 0.55771,-6.83848, 0.00444,506.50187,-1.95896, 0.12711, 0.18669,-3.72460, 0.00641,2109.32646,-2.23319,-1.28552, 0.10057,11.32524, 2.35965,-1.28552,2109.41287,-4.24415,-0.09358, 0.09447,
 3.20000, 4.74058, 0.58287,14967.34221, 0.57388,-7.08202, 0.00478,507.16931,-1.77265, 0.13563, 0.13420,-1.13866, 0.00065,2109.32909,-2.23413,-1.21700, 0.10120,11.85244, 2.57402,-1.21700,2109.41287,-4.24415,-0.09358, 0.09447,
 3.30000, 5.49086, 0.66903,14962.53331, 0.58406,-7.07113, 0.00473,507.83478,-1.36629, 0.14370, 0.06645, 1.31653,-0.00047,2109.33548,-2.23567,-1.10383, 0.10182,12.38037, 2.80579,-1.10383,2109.41287,-4.24415,-0.09358, 0.09447,
 3.40000, 6.30702, 0.76123,14957.39918, 0.58653,-6.82775, 0.00493,508.48464,-0.77475, 0.15030,-0.02044, 3.50314, 0.00582,2109.34407,-2.23764,-0.96226, 0.10242,12.89859, 3.05324,-0.96226,2109.41287,-4.24415,-0.09358, 0.09447,
 3.50000, 7.18685, 0.85887,14951.98524, 0.57949,-6.38031, 0.00617,509.10649,-0.03545, 0.15433,-0.12513, 5.39590, 0.02016,2109.35426,-2.23989,-0.80020, 0.10300,13.39752, 3.31418,-0.80020,2109.41287,-4.24415,-0.09358, 0.09447,
 3.60000, 8.12702, 0.96120,14946.34355, 0.56142,-5.75847, 0.00923,509.68969, 0.81561, 0.15474,-0.24264, 6.99177, 0.04210,2109.36559,-2.24225,-0.62401, 0.10354,13.86888, 3.58609,-0.62401,2109.41287,-4.24415,-0.09358, 0.09447,
 3.70000, 9.12321, 1.06736,14940.53075, 0.53146,-4.99166, 0.01483,510.22547, 1.74482, 0.15065,-0.36555, 8.29699, 0.07035,2109.37768,-2.24460,-0.43936, 0.10404,14.30575, 3.86625,-0.43936,2109.41287,-4.24415,-0.09358, 0.09447,
 3.80000,10.17030, 1.17643,14934.60626, 0.48954,-4.10835, 0.02350,510.70684, 2.72154, 0.14147,-0.48515, 9.32408, 0.10298,2109.39016,-2.24682,-0.25133, 0.10448,14.70254, 4.15180,-0.25133,2109.41287,-4.24415,-0.09358, 0.09447,
 3.90000,11.26258, 1.28747,14928.63056, 0.43647,-3.13554, 0.03556,511.12849, 3.71835, 0.12694,-0.59252,10.09028, 0.13759,2109.40272,-2.24881,-0.06435, 0.10487,15.05489, 4.43981,-0.06435,2109.41287,-4.24415,-0.09358, 0.09447,
 4.00000,12.39388, 1.39955,14922.66385, 0.37390,-2.09830, 0.05108,511.48667, 4.71128, 0.10715,-0.67946,10.61623, 0.17156,2109.41508,-2.25052, 0.11776, 0.10520,15.35963, 4.72739, 0.11776,2109.41287,-4.24415,-0.09358, 0.09447,
 4.10000,13.55772, 1.51179,14916.76476, 0.30420,-1.01954, 0.06986,511.77905, 5.67986, 0.08253,-0.73920,10.92494, 0.20225,2109.42701,-2.25191, 0.29185, 0.10547,15.61466, 5.01171, 0.29185,2109.41287,-4.24415,-0.09358, 0.09447,
 4.20000,14.74746, 1.62333,14910.98937, 0.23032, 0.08026, 0.09146,512.00458, 6.60701, 0.05386,-0.76703,11.04087, 0.22723,2109.43832,-2.25298, 0.45535, 0.10567,15.81884, 5.29007, 0.45535,2109.41287,-4.24415,-0.09358, 0.09447,
 4.30000,15.95641, 1.73343,14905.39035, 0.15552, 1.18305, 0.11519,512.16330, 7.47900, 0.02217,-0.76053,10.98913, 0.24440,2109.44886,-2.25375, 0.60630, 0.10581,15.97188, 5.55992, 0.60630,2109.41287,-4.24415,-0.09358, 0.09447,
 4.40000,17.17793, 1.84143,14900.01635, 0.08320, 2.27333, 0.14018,512.25621, 8.28525,-0.01129,-0.71977,10.79483, 0.25222,2109.45852,-2.25425, 0.74328, 0.10589,16.07425, 5.81894, 0.74328,2109.41287,-4.24415,-0.09358, 0.09447,
 4.50000,18.40552, 1.94675,14894.91151, 0.01660, 3.33808, 0.16545,512.28509, 9.01806,-0.04516,-0.64720,10.48251, 0.24971,2109.46721,-2.25454, 0.86536, 0.10590,16.12700, 6.06498, 0.86536,2109.41287,-4.24415,-0.09358, 0.09447,
 4.60000,19.63289, 2.04894,14890.11521,-0.04140, 4.36669, 0.18993,512.25239, 9.67244,-0.07805,-0.54742,10.07572, 0.23658,2109.47490,-2.25467, 0.97207, 0.10586,16.13173, 6.29614, 0.97207,2109.41287,-4.24415,-0.09358, 0.09447,
 4.70000,20.85404, 2.14762,14885.66186,-0.08846, 5.35082, 0.21257,512.16103,10.24576,-0.10860,-0.42678, 9.59662, 0.21318,2109.48156,-2.25470, 1.06333, 0.10577,16.09042, 6.51078, 1.06333,2109.41287,-4.24415,-0.09358, 0.09447,
 4.80000,22.06325, 2.24252,14881.58091,-0.12296, 6.28429, 0.23238,512.01431,10.73750,-0.13560,-0.29290, 9.06574, 0.18050,2109.48721,-2.25470, 1.13938, 0.10562,16.00536, 6.70747, 1.13938,2109.41287,-4.24415,-0.09358, 0.09447,
 4.90000,23.25518, 2.33344,14877.89691,-0.14404, 7.16286, 0.24852,511.81577,11.14897,-0.15803,-0.15410, 8.50173, 0.14007,2109.49186,-2.25471, 1.20078, 0.10543,15.87905, 6.88503, 1.20078,2109.41287,-4.24415,-0.09358, 0.09447,
 5.00000,24.42480, 2.42027,14874.62969,-0.15169, 7.98409, 0.26029,511.56909,11.48297,-0.17516,-0.01886, 7.92128, 0.09384,2109.49558,-2.25479, 1.24841, 0.10519,15.71413, 7.04250, 1.24841,2109.41287,-2.24415,-0.09358, 0.09447,
 5.10000,25.56771, 2.50293,14871.79718,-0.14695, 8.71807, 0.26761,511.28350,11.70765,-0.18689, 0.09833, 6.58714, 0.05392,2109.50257,-2.25484, 1.30250, 0.10491,15.51740, 7.17902, 1.30250,2109.41287,-2.24415,-0.09358, 0.09447,
 5.20000,26.68046, 2.58144,14869.41305,-0.13169, 9.29046, 0.27122,510.96693,11.76586,-0.19400, 0.19899, 4.85902, 0.01803,2109.50281,-2.25467, 1.28759, 0.10461,15.29474, 7.29393, 1.28759,2109.41287,-2.24415,-0.09358, 0.09447,
 5.30000,27.76033, 2.65592,14867.47339,-0.10729, 9.69285, 0.27120,510.62746,11.66562,-0.19654, 0.28708, 3.21177,-0.01857,2109.50059,-2.25431, 1.24211, 0.10428,15.05220, 7.38742, 1.24211,2109.41287,-2.24415,-0.09358, 0.09447,
 5.40000,28.80550, 2.72664,14865.96379,-0.07501, 9.93808, 0.26748,510.27446,11.42917,-0.19441, 0.36197, 1.72101,-0.05562,2109.49677,-2.25380, 1.17515, 0.10395,14.79691, 7.46018, 1.17515,2109.41287,-2.24415,-0.09358, 0.09447,
 5.50000,29.81506, 2.79392,14864.86281,-0.03627,10.04287, 0.26006,509.91657,11.08020,-0.18764, 0.42189, 0.40464,-0.09202,2109.49169,-2.25321, 1.09161, 0.10361,14.53546, 7.51324, 1.09161,2109.41287,-2.24415,-0.09358, 0.09447,
 5.60000,30.78891, 2.85817,14864.14362, 0.00734,10.02501, 0.24908,509.56132,10.64184,-0.17645, 0.46464,-0.73188,-0.12646,2109.48565,-2.25260, 0.99564, 0.10327,14.27365, 7.54790, 0.99564,2109.41287,-2.24415,-0.09358, 0.09447,
 5.70000,31.72763, 2.91983,14863.77541, 0.05402, 9.90248, 0.23480,509.21509,10.13598,-0.16120, 0.48821,-1.68900,-0.15757,2109.47892,-2.25200, 0.89100, 0.10294,14.01648, 7.56565, 0.89100,2109.41287,-2.24415,-0.09358, 0.09447,
 5.80000,32.63240, 2.97934,14863.72452, 0.10181, 9.69303, 0.21762,508.88319, 9.58292,-0.14245, 0.49114,-2.47139,-0.18405,2109.47173,-2.25145, 0.78114, 0.10263,13.76810, 7.56810, 0.78114,2109.41287,-2.24415,-0.09358, 0.09447,
 5.90000,33.50488, 3.03714,14863.95563, 0.14864, 9.41376, 0.19807,508.56981, 9.00112,-0.12090, 0.47282,-3.08708,-0.20476,2109.46429,-2.25096, 0.66909, 0.10233,13.53189, 7.55696, 0.66909,2109.41287,-2.24415,-0.09358, 0.09447,
 6.00000,34.34709, 3.09366,14864.43267, 0.19245, 9.08082, 0.17676,508.27817, 8.40704,-0.09739, 0.43371,-3.54664,-0.21881,2109.45681,-2.25052, 0.55756, 0.10205,13.31046, 7.53397, 0.55756,2109.41287,-2.24415,-0.09358, 0.09447,
 6.10000,35.16132, 3.14927,14865.11974, 0.23129, 8.70922, 0.15441,508.01053, 7.81504,-0.07280, 0.37538,-3.86259,-0.22562,2109.44944,-2.25015, 0.44882, 0.10180,13.10574, 7.50086, 0.44882,2109.41287,-2.24415,-0.09358, 0.09447,
 6.20000,35.95005, 3.20431,14865.98184, 0.26342, 8.31263, 0.13175,507.76832, 7.23743,-0.04808, 0.30046,-4.04875,-0.22496,2109.44233,-2.24981, 0.34479, 0.10157,12.91900, 7.45931, 0.34479,2109.41287,-2.24415,-0.09358, 0.09447,
 6.30000,36.71585, 3.25906,14866.98546, 0.28740, 7.90331, 0.10952,507.55221, 6.68442,-0.02415, 0.21256,-4.11974,-0.21700,2109.43559,-2.24950, 0.24698, 0.10137,12.75095, 7.41093, 0.24698,2109.41287,-2.24415,-0.09358, 0.09447,
 6.40000,37.46136, 3.31376,14868.09909, 0.30222, 7.49203, 0.08844,507.36219, 6.16425,-0.00184, 0.11597,-4.09056,-0.20224,2109.42931,-2.24918, 0.15660, 0.10119,12.60179, 7.35726, 0.15660,2109.41287,-2.24415,-0.09358, 0.09447,
 6.50000,38.18914, 3.36859,14869.29359, 0.30728, 7.08804, 0.06915,507.19770, 5.68327, 0.01809, 0.01547,-3.97622,-0.18153,2109.42356,-2.24885, 0.07448, 0.10104,12.47127, 7.29969, 0.07448,2109.41287,-2.24415,-0.09358, 0.09447,
 6.60000,38.90171, 3.42369,14870.54251, 0.30248, 6.69913, 0.05218,507.05772, 5.24610, 0.03504,-0.08399,-3.79136,-0.15597,2109.41838,-2.24848, 0.00120, 0.10091,12.35877, 7.23949, 0.00120,2109.41287,-2.24415,-0.09358, 0.09447,
 6.70000,39.60146, 3.47914,14871.82222, 0.28821, 6.33165, 0.03797,506.94080, 4.85576, 0.04857,-0.17760,-3.55005,-0.12688,2109.41381,-2.24807,-0.06297, 0.10080,12.26337, 7.17782,-0.06297,2109.41287,-2.24415,-0.09358, 0.09447,
 6.80000,40.29059, 3.53501,14873.11201, 0.26530, 5.99056, 0.02680,506.84525, 4.51384, 0.05842,-0.26095,-3.26551,-0.09572,2109.40985,-2.24760,-0.11796, 0.10071,12.18391, 7.11565,-0.11796,2109.41287,-2.24415,-0.09358, 0.09447,
 6.90000,40.97115, 3.59130,14874.39415, 0.23497, 5.67958, 0.01879,506.76911, 4.22068, 0.06453,-0.33030,-2.95000,-0.06397,2109.40650,-2.24707,-0.16393, 0.10064,12.11904, 7.05386,-0.16393,2109.41287,-2.24415,-0.09358, 0.09447,
 7.00000,41.64499, 3.64803,14875.65380, 0.19879, 5.40122, 0.01393,506.71030, 3.97551, 0.06702,-0.38278,-2.61469,-0.03307,2109.40374,-2.24648,-0.20119, 0.10059,12.06730, 6.99314,-0.20119,2109.41287,-2.24415,-0.09358, 0.09447,
 7.10000,42.31372, 3.70517,14876.87892, 0.15851, 5.15696, 0.01208,506.66665, 3.77668, 0.06616,-0.41651,-2.26956,-0.00437,2109.40155,-2.24586,-0.23021, 0.10055,12.02713, 6.93410,-0.23021,2109.41287,-2.24415,-0.09358, 0.09447,
 7.20000,42.97875, 3.76271,14878.06014, 0.11606, 4.94734, 0.01295,506.63598, 3.62178, 0.06237,-0.43071,-1.92336, 0.02101,2109.39990,-2.24521,-0.25155, 0.10052,11.99695, 6.87717,-0.25155,2109.41287,-2.24415,-0.09358, 0.09447,
 7.30000,43.64127, 3.82061,14879.19056, 0.07334, 4.77207, 0.01615,506.61612, 3.50781, 0.05619,-0.42565,-1.58362, 0.04216,2109.39873,-2.24456,-0.26587, 0.10051,11.97518, 6.82268,-0.26587,2109.41287,-2.24415,-0.09358, 0.09447,
 7.40000,44.30226, 3.87885,14880.26552, 0.03218, 4.63019, 0.02124,506.60497, 3.43132, 0.04821,-0.40265,-1.25664, 0.05845,2109.39801,-2.24392,-0.27387, 0.10050,11.96028, 6.77087,-0.27387,2109.41287,-2.24415,-0.09358, 0.09447,
 7.50000,44.96249, 3.93739,14881.28243,-0.00576, 4.52015, 0.02771,506.60056, 3.38858, 0.03909,-0.36393,-0.94757, 0.06956,2109.39769,-2.24333,-0.27628, 0.10050,11.95078, 6.72186,-0.27628,2109.41287,-2.24415,-0.09358, 0.09447,
 7.60000,45.62254, 3.99622,14882.24049,-0.03909, 4.43995, 0.03502,506.60101, 3.37566, 0.02947,-0.31242,-0.66041, 0.07544,2109.39772,-2.24279,-0.27387, 0.10050,11.94527, 6.67568,-0.27387,2109.41287,-2.24415,-0.09358, 0.09447,
 7.70000,46.28280, 4.05533,14883.14045,-0.06675, 4.38723, 0.04268,506.60461, 3.38857, 0.01994,-0.25159,-0.39816, 0.07635,2109.39805,-2.24234,-0.26738, 0.10050,11.94249, 6.63231,-0.26738,2109.41287,-2.24415,-0.09358, 0.09447,
 7.80000,46.94351, 4.11471,14883.98437,-0.08802, 4.35942, 0.05019,506.60984, 3.42333, 0.01104,-0.18522,-0.16283, 0.07278,2109.39862,-2.24198,-0.25753, 0.10051,11.94126, 6.59163,-0.25753,2109.41287,-2.24415,-0.09358, 0.09447,
 7.90000,47.60477, 4.17434,14884.77543,-0.10259, 4.35373, 0.05715,506.61531, 3.47608, 0.00323,-0.11715, 0.04441, 0.06543,2109.39939,-2.24173,-0.24503, 0.10052,11.94054, 6.55351,-0.24503,2109.41287,-2.24415,-0.09358, 0.09447,
 8.00000,48.26654, 4.23423,14885.51762,-0.11049, 4.36735, 0.06322,506.61985, 3.54313,-0.00317,-0.05105, 0.22316, 0.05515,2109.40032,-2.24160,-0.23052, 0.10052,11.93942, 6.51774,-0.23052,2109.41287,-2.24415,-0.09358, 0.09447,
 8.10000,48.92868, 4.29438,14886.21561,-0.11211, 4.39742, 0.06815,506.62245, 3.62099,-0.00793, 0.00974, 0.37368, 0.04287,2109.40136,-2.24158,-0.21460, 0.10053,11.93711, 6.48409,-0.21460,2109.41287,-2.24415,-0.09358, 0.09447,
 8.20000,49.59094, 4.35479,14886.87451,-0.10814, 4.44117, 0.07179,506.62227, 3.70647,-0.01097, 0.06243, 0.49680, 0.02957,2109.40248,-2.24168,-0.19782, 0.10053,11.93296, 6.45234,-0.19782,2109.41287,-2.24415,-0.09358, 0.09447,
 8.30000,50.25302, 4.41544,14887.49972,-0.09950, 4.49591, 0.07408,506.61866, 3.79666,-0.01230, 0.10489, 0.59381, 0.01619,2109.40364,-2.24187,-0.18067, 0.10053,11.92644, 6.42220,-0.18067,2109.41287,-2.24415,-0.09358, 0.09447,
 8.40000,50.91454, 4.47632,14888.09677,-0.08729, 4.55912, 0.07506,506.61109, 3.88898,-0.01207, 0.13572, 0.66636, 0.00359,2109.40481,-2.24215,-0.16356, 0.10052,11.91714, 6.39343,-0.16356,2109.41287,-2.24415,-0.09358, 0.09447,
 8.50000,51.57509, 4.53741,14888.67115,-0.07270, 4.62843, 0.07485,506.59923, 3.98115,-0.01047, 0.15429, 0.71640,-0.00751,2109.40596,-2.24249,-0.14686, 0.10051,11.90475, 6.36574,-0.14686,2109.41287,-2.24415,-0.09358, 0.09447,
 8.60000,52.23424, 4.59868,14889.22825,-0.05695, 4.70172, 0.07362,506.58283, 4.07124,-0.00782, 0.16073, 0.74606,-0.01654,2109.40707,-2.24289,-0.13088, 0.10050,11.88907, 6.33889,-0.13088,2109.41287,-2.24415,-0.09358, 0.09447,
 8.70000,52.89151, 4.66010,14889.77322,-0.04119, 4.77704, 0.07161,506.56179, 4.15763,-0.00443, 0.15588, 0.75763,-0.02309,2109.40813,-2.24330,-0.11584, 0.10048,11.86998, 6.31263,-0.11584,2109.41287,-2.24415,-0.09358, 0.09447,
 8.80000,53.54644, 4.72161,14890.31089,-0.02646, 4.85272, 0.06908,506.53611, 4.23902,-0.00065, 0.14116, 0.75343,-0.02698,2109.40912,-2.24372,-0.10195, 0.10045,11.84747, 6.28671,-0.10195,2109.41287,-2.24415,-0.09358, 0.09447,
 8.90000,54.19858, 4.78317,14890.84575,-0.01364, 4.92728, 0.06629,506.50588, 4.31439, 0.00317, 0.11849, 0.73579,-0.02820,2109.41003,-2.24413,-0.08933, 0.10043,11.82155, 6.26093,-0.08933,2109.41287,-2.24415,-0.09358, 0.09447,
 9.00000,54.84747, 4.84471,14891.38187,-0.00339, 4.99950, 0.06351,506.47125, 4.38301, 0.00672, 0.09009, 0.70701,-0.02691,2109.41085,-2.24449,-0.07808, 0.10039,11.79234, 6.23509,-0.07808,2109.41287,-2.24415,-0.09358, 0.09447,
 9.10000,55.49269, 4.90618,14891.92287, 0.00385, 5.06838, 0.06096,506.43246, 4.44439, 0.00971, 0.05837, 0.66927,-0.02344,2109.41157,-2.24481,-0.06825, 0.10036,11.75997, 6.20902,-0.06825,2109.41287,-2.24415,-0.09358, 0.09447,
 9.20000,56.13383, 4.96751,14892.47192, 0.00788, 5.13313, 0.05886,506.38976, 4.49827, 0.01194, 0.02572, 0.62466,-0.01821,2109.41220,-2.24507,-0.05984, 0.10032,11.72463, 6.18256,-0.05984,2109.41287,-2.24415,-0.09358, 0.09447,
 9.30000,56.77052, 5.02864,14893.03173, 0.00875, 5.19315, 0.05735,506.34346, 4.54457, 0.01326,-0.00558, 0.57510,-0.01176,2109.41274,-2.24525,-0.05284, 0.10028,11.68654, 6.15558,-0.05284,2109.41287,-2.24415,-0.09358, 0.09447,
 9.40000,57.40241, 5.08953,14893.60458, 0.00669, 5.24804, 0.05653,506.29390, 4.58341, 0.01361,-0.03354, 0.52234,-0.00464,2109.41318,-2.24537,-0.04719, 0.10023,11.64591, 6.12797,-0.04719,2109.41287,-2.24415,-0.09358, 0.09447,
 9.50000,58.02920, 5.15011,14894.19228, 0.00213, 5.29756, 0.05642,506.24142, 4.61503, 0.01298,-0.05653, 0.46795, 0.00257,2109.41353,-2.24541,-0.04283, 0.10018,11.60300, 6.09964,-0.04283,2109.41287,-2.24415,-0.09358, 0.09447,
 9.60000,58.65061, 5.21035,14894.79624,-0.00437, 5.34162, 0.05703,506.18636, 4.63979, 0.01146,-0.07336, 0.41332, 0.00935,2109.41381,-2.24539,-0.03967, 0.10013,11.55807, 6.07053,-0.03967,2109.41287,-2.24415,-0.09358, 0.09447,
 9.70000,59.26640, 5.27023,14895.41748,-0.01216, 5.38026, 0.05827,506.12906, 4.65818, 0.00916,-0.08335, 0.35963, 0.01523,2109.41400,-2.24531,-0.03761, 0.10008,11.51135, 6.04059,-0.03761,2109.41287,-2.24415,-0.09358, 0.09447,
 9.80000,59.87636, 5.32971,14896.05668,-0.02056, 5.41361, 0.06004,506.06986, 4.67070, 0.00627,-0.08629, 0.30787, 0.01982,2109.41413,-2.24519,-0.03654, 0.10002,11.46310, 6.00978,-0.03654,2109.41287,-2.24415,-0.09358, 0.09447,
 9.90000,60.48032, 5.38880,14896.71418,-0.02889, 5.44192, 0.06219,506.00908, 4.67795, 0.00300,-0.08249, 0.25886, 0.02287,2109.41419,-2.24504,-0.03635, 0.09997,11.41354, 5.97809,-0.03635,2109.41287,-2.24415,-0.09358, 0.09447,
10.00000,61.07813, 5.44749,14897.39005,-0.03650, 5.46550, 0.06457,505.94700, 4.68053,-0.00042,-0.07262, 0.21323, 0.02422,2109.41420,-2.24486,-0.03691, 0.09991,11.36291, 5.94552,-0.03691,2109.41287,-2.24415,-0.09358, 0.09447,
10.10000,61.66969, 5.50579,14898.08411,-0.04287, 5.48470, 0.06700,505.88390, 4.67907,-0.00378,-0.05777, 0.17146, 0.02384,2109.41416,-2.24468,-0.03811, 0.09985,11.31141, 5.91207,-0.03811,2109.41287,-2.24415,-0.09358, 0.09447,
10.20000,62.25489, 5.56374,14898.79598,-0.04756, 5.49993, 0.06930,505.82003, 4.67418,-0.00685,-0.03923, 0.13386, 0.02184,2109.41408,-2.24451,-0.03985, 0.09979,11.25921, 5.87776,-0.03985,2109.41287,-2.24415,-0.09358, 0.09447,
10.30000,62.83368, 5.62135,14899.52511,-0.05030, 5.51162, 0.07133,505.75561, 4.66647,-0.00946,-0.01848, 0.10062, 0.01839,2109.41397,-2.24436,-0.04200, 0.09973,11.20650, 5.84261,-0.04200,2109.41287,-2.24415,-0.09358, 0.09447,
10.40000,63.40600, 5.67866,14900.27079,-0.05094, 5.52020, 0.07295,505.69082, 4.65651,-0.01146, 0.00296, 0.07180, 0.01379,2109.41384,-2.24423,-0.04448, 0.09967,11.15341, 5.80667,-0.04448,2109.41287,-2.24415,-0.09358, 0.09447,
10.50000,63.97183, 5.73572,14901.03225,-0.04951, 5.52612, 0.07407,505.62584, 4.64485,-0.01274, 0.02360, 0.04736, 0.00836,2109.41369,-2.24413,-0.04718, 0.09961,11.10008, 5.76997,-0.04718,2109.41287,-2.24415,-0.09358, 0.09447,
10.60000,64.53116, 5.79254,14901.80860,-0.04616, 5.52982, 0.07461,505.56078, 4.63199,-0.01325, 0.04211, 0.02717, 0.00249,2109.41353,-2.24407,-0.05002, 0.09955,11.04660, 5.73256,-0.05002,2109.41287,-2.24415,-0.09358, 0.09447,
10.70000,65.08399, 5.84918,14902.59894,-0.04116, 5.53169, 0.07456,505.49578, 4.61837,-0.01300, 0.05736, 0.01103,-0.00345,2109.41336,-2.24405,-0.05293, 0.09949,10.99308, 5.69446,-0.05293,2109.41287,-2.24415,-0.09358, 0.09447,
10.80000,65.63032, 5.90567,14903.40233,-0.03488, 5.53215, 0.07393,505.43090, 4.60441,-0.01203, 0.06851,-0.00132,-0.00907,2109.41319,-2.24406,-0.05583, 0.09943,10.93957, 5.65574,-0.05583,2109.41287,-2.24415,-0.09358, 0.09447,
10.90000,66.17018, 5.96204,14904.21784,-0.02776, 5.53154, 0.07277,505.36621, 4.59045,-0.01043, 0.07504,-0.01018,-0.01405,2109.41302,-2.24411,-0.05868, 0.09937,10.88613, 5.61644,-0.05868,2109.41287,-2.24415,-0.09358, 0.09447,
11.00000,66.70357, 6.01831,14905.04455,-0.02026, 5.53022, 0.07114,505.30176, 4.57680,-0.00831, 0.07672,-0.01589,-0.01811,2109.41286,-2.24418,-0.06142, 0.09931,10.83280, 5.57659,-0.06142,2109.41287,-2.24415,-0.09358, 0.09447,
11.10000,67.23054, 6.07450,14905.88158,-0.01285, 5.52846, 0.06917,505.23756, 4.56371,-0.00584, 0.07367,-0.01880,-0.02104,2109.41270,-2.24427,-0.06402, 0.09925,10.77960, 5.53625,-0.06402,2109.41287,-2.24415,-0.09358, 0.09447,
11.20000,67.75110, 6.13063,14906.72808,-0.00600, 5.52654, 0.06696,505.17363, 4.55139,-0.00316, 0.06631,-0.01926,-0.02273,2109.41256,-2.24437,-0.06645, 0.09919,10.72653, 5.49545,-0.06645,2109.41287,-2.24415,-0.09358, 0.09447,
11.30000,68.26527, 6.18669,14907.58329,-0.00007, 5.52468, 0.06465,505.10995, 4.53998,-0.00045, 0.05531,-0.01765,-0.02314,2109.41243,-2.24448,-0.06869, 0.09913,10.67361, 5.45423,-0.06869,2109.41287,-2.24415,-0.09358, 0.09447,
11.40000,68.77309, 6.24269,14908.44647, 0.00461, 5.52306, 0.06236,505.04652, 4.52962, 0.00213, 0.04150,-0.01431,-0.02229,2109.41231,-2.24458,-0.07071, 0.09908,10.62082, 5.41263,-0.07071,2109.41287,-2.24415,-0.09358, 0.09447,
11.50000,69.27458, 6.29862,14909.31698, 0.00782, 5.52186, 0.06022,504.98330, 4.52036, 0.00445, 0.02589,-0.00958,-0.02032,2109.41221,-2.24466,-0.07252, 0.09902,10.56814, 5.37067,-0.07252,2109.41287,-2.24415,-0.09358, 0.09447,
11.60000,69.76976, 6.35447,14910.19423, 0.00944, 5.52118, 0.05832,504.92025, 4.51227, 0.00638, 0.00952,-0.00378,-0.01739,2109.41212,-2.24473,-0.07411, 0.09896,10.51556, 5.32839,-0.07411,2109.41287,-2.24415,-0.09358, 0.09447,
11.70000,70.25864, 6.41023,14911.07771, 0.00946, 5.52113, 0.05675,504.85734, 4.50534, 0.00783,-0.00657, 0.00280,-0.01373,2109.41205,-2.24478,-0.07549, 0.09890,10.46304, 5.28581,-0.07549,2109.41287,-2.24415,-0.09358, 0.09447,
11.80000,70.74123, 6.46588,14911.96697, 0.00795, 5.52176, 0.05558,504.79453, 4.49957, 0.00875,-0.02141, 0.00989,-0.00961,2109.41199,-2.24481,-0.07666, 0.09884,10.41055, 5.24295,-0.07666,2109.41287,-2.24415,-0.09358, 0.09447,
11.90000,71.21754, 6.52140,14912.86165, 0.00509, 5.52312, 0.05483,504.73176, 4.49492, 0.00912,-0.03418, 0.01724,-0.00529,2109.41194,-2.24480,-0.07762, 0.09879,10.35807, 5.19983,-0.07762,2109.41287,-2.24415,-0.09358, 0.09447,
12.00000,71.68758, 6.57678,14913.76143, 0.00112, 5.52521, 0.05452,504.66900, 4.49132, 0.00895,-0.04421, 0.02464,-0.00104,2109.41191,-2.24478,-0.07841, 0.09873,10.30556, 5.15646,-0.07841,2109.41287,-2.24415,-0.09358, 0.09447,
12.10000,72.15134, 6.63201,14914.66605,-0.00366, 5.52804, 0.05461,504.60619, 4.48872, 0.00829,-0.05105, 0.03192, 0.00289,2109.41189,-2.24473,-0.07902, 0.09867,10.25298, 5.11286,-0.07902,2109.41287,-2.24415,-0.09358, 0.09447,
12.20000,72.60882, 6.68706,14915.57532,-0.00893, 5.53159, 0.05508,504.54328, 4.48703, 0.00721,-0.05446, 0.03892, 0.00628,2109.41188,-2.24466,-0.07948, 0.09861,10.20031, 5.06904,-0.07948,2109.41287,-2.24415,-0.09358, 0.09447,
12.30000,73.06000, 6.74195,14916.48910,-0.01434, 5.53581, 0.05585,504.48025, 4.48617, 0.00581,-0.05443, 0.04550, 0.00897,2109.41188,-2.24458,-0.07981, 0.09856,10.14751, 5.02500,-0.07981,2109.41287,-2.24415,-0.09358, 0.09447,
12.40000,73.50486, 6.79665,14917.40726,-0.01957, 5.54067, 0.05685,504.41704, 4.48604, 0.00419,-0.05118, 0.05158, 0.01084,2109.41189,-2.24449,-0.08001, 0.09850,10.09456, 4.98074,-0.08001,2109.41287,-2.24415,-0.09358, 0.09447,
12.50000,73.94340, 6.85117,14918.32976,-0.02431, 5.54611, 0.05799,504.35363, 4.48654, 0.00246,-0.04509, 0.05708, 0.01183,2109.41191,-2.24440,-0.08012, 0.09844,10.04142, 4.93628,-0.08012,2109.41287,-2.24415,-0.09358, 0.09447,
12.60000,74.37558, 6.90551,14919.25655,-0.02832, 5.55206, 0.05919,504.28998, 4.48758, 0.00074,-0.03670, 0.06194, 0.01194,2109.41193,-2.24431,-0.08014, 0.09838, 9.98808, 4.89161,-0.08014,2109.41287,-2.24415,-0.09358, 0.09447,
12.70000,74.80138, 6.95967,14920.18763,-0.03141, 5.55847, 0.06036,504.22605, 4.48908,-0.00087,-0.02665, 0.06614, 0.01122,2109.41196,-2.24423,-0.08010, 0.09832, 9.93451, 4.84674,-0.08010,2109.41287,-2.24415,-0.09358, 0.09447,
12.80000,75.22078, 7.01368,14921.12301,-0.03344, 5.56527, 0.06142,504.16184, 4.49093,-0.00227,-0.01567, 0.06965, 0.00978,2109.41199,-2.24416,-0.08001, 0.09826, 9.88069, 4.80165,-0.08001,2109.41287,-2.24415,-0.09358, 0.09447,
12.90000,75.63374, 7.06752,14922.06272,-0.03438, 5.57238, 0.06230,504.09731, 4.49306,-0.00340,-0.00447, 0.07248, 0.00774,2109.41202,-2.24411,-0.07989, 0.09820, 9.82662, 4.75636,-0.07989,2109.41287,-2.24415,-0.09358, 0.09447,
13.00000,76.04023, 7.12122,14923.00680,-0.03423, 5.57974, 0.06296,504.03246, 4.49539,-0.00420, 0.00624, 0.07465, 0.00528,2109.41206,-2.24407,-0.07974, 0.09814, 9.77227, 4.71086,-0.07974,2109.41287,-2.24415,-0.09358, 0.09447,
13.10000,76.44022, 7.17479,14923.95530,-0.03309, 5.58729, 0.06335,503.96727, 4.49784,-0.00465, 0.01585, 0.07619, 0.00258,2109.41210,-2.24405,-0.07958, 0.09808, 9.71764, 4.66515,-0.07958,2109.41287,-2.24415,-0.09358, 0.09447,
13.20000,76.83367, 7.22824,14924.90827,-0.03108, 5.59496, 0.06347,503.90173, 4.50036,-0.00474, 0.02384, 0.07712,-0.00018,2109.41213,-2.24405,-0.07943, 0.09802, 9.66273, 4.61921,-0.07943,2109.41287,-2.24415,-0.09358, 0.09447,
13.30000,77.22056, 7.28158,14925.86576,-0.02839, 5.60270, 0.06332,503.83584, 4.50289,-0.00450, 0.02983, 0.07750,-0.00283,2109.41217,-2.24407,-0.07928, 0.09796, 9.60753, 4.57307,-0.07928,2109.41287,-2.24415,-0.09358, 0.09447,
13.40000,77.60083, 7.33482,14926.82782,-0.02523, 5.61044, 0.06292,503.76960, 4.50537,-0.00396, 0.03356, 0.07737,-0.00520,2109.41221,-2.24411,-0.07915, 0.09790, 9.55203, 4.52670,-0.07915,2109.41287,-2.24415,-0.09358, 0.09447,
13.50000,77.97446, 7.38796,14927.79448,-0.02183, 5.61815, 0.06229,503.70301, 4.50778,-0.00317, 0.03498, 0.07678,-0.00717,2109.41224,-2.24415,-0.07904, 0.09784, 9.49625, 4.48011,-0.07904,2109.41287,-2.24415,-0.09358, 0.09447,
13.60000,78.34142, 7.44101,14928.76580,-0.01842, 5.62579, 0.06149,503.63608, 4.51007,-0.00221, 0.03413, 0.07580,-0.00863,2109.41228,-2.24420,-0.07896, 0.09778, 9.44018, 4.43329,-0.07896,2109.41287,-2.24415,-0.09358, 0.09447,
13.70000,78.70167, 7.49397,14929.74178,-0.01521, 5.63330, 0.06058,503.56882, 4.51222,-0.00114, 0.03121, 0.07447,-0.00954,2109.41231,-2.24426,-0.07892, 0.09772, 9.38383, 4.38625,-0.07892,2109.41287,-2.24415,-0.09358, 0.09447,
13.80000,79.05517, 7.54684,14930.72246,-0.01239, 5.64067, 0.05960,503.50123, 4.51421,-0.00005, 0.02655, 0.07286,-0.00986,2109.41234,-2.24432,-0.07890, 0.09765, 9.32721, 4.33899,-0.07890,2109.41287,-2.24415,-0.09358, 0.09447,
13.90000,79.40190, 7.59961,14931.70782,-0.01010, 5.64787, 0.05862,503.43332, 4.51603, 0.00100, 0.02055, 0.07102,-0.00962,2109.41237,-2.24438,-0.07892, 0.09759, 9.27032, 4.29149,-0.07892,2109.41287,-2.24415,-0.09358, 0.09447,
14.00000,79.74183, 7.65228,14932.69788,-0.00846, 5.65487, 0.05769,503.36511, 4.51767, 0.00194, 0.01367, 0.06899,-0.00887,2109.41239,-2.24442,-0.07898, 0.09753, 9.21318, 4.24378,-0.07898,2109.41287,-2.24415,-0.09358, 0.09447,
14.10000,80.07492, 7.70485,14933.69260,-0.00752, 5.66166, 0.05685,503.29660, 4.51913, 0.00272, 0.00639, 0.06683,-0.00768,2109.41242,-2.24446,-0.07907, 0.09747, 9.15579, 4.19583,-0.07907,2109.41287,-2.24415,-0.09358, 0.09447,
14.20000,80.40114, 7.75730,14934.69196,-0.00730, 5.66823, 0.05616,503.22783, 4.52040, 0.00330,-0.00080, 0.06458,-0.00616,2109.41244,-2.24449,-0.07920, 0.09740, 9.09816, 4.14767,-0.07920,2109.41287,-2.24415,-0.09358, 0.09447,
14.30000,80.72047, 7.80963,14935.69592,-0.00776, 5.67458, 0.05563,503.15879, 4.52150, 0.00365,-0.00746, 0.06229,-0.00443,2109.41246,-2.24451,-0.07936, 0.09734, 9.04032, 4.09928,-0.07936,2109.41287,-2.24415,-0.09358, 0.09447,
14.40000,81.03289, 7.86183,14936.70444,-0.00883, 5.68069, 0.05527,503.08950, 4.52243, 0.00377,-0.01320, 0.05997,-0.00260,2109.41247,-2.24451,-0.07955, 0.09728, 8.98225, 4.05067,-0.07955,2109.41287,-2.24415,-0.09358, 0.09447,
14.50000,81.33836, 7.91389,14937.71744,-0.01040, 5.68657, 0.05510,503.01997, 4.52321, 0.00365,-0.01772, 0.05768,-0.00080,2109.41249,-2.24450,-0.07976, 0.09721, 8.92399, 4.00185,-0.07976,2109.41287,-2.24415,-0.09358, 0.09447,
14.60000,81.63688, 7.96580,14938.73486,-0.01234, 5.69223, 0.05511,502.95023, 4.52384, 0.00332,-0.02083, 0.05543, 0.00085,2109.41250,-2.24448,-0.08000, 0.09715, 8.86553, 3.95281,-0.08000,2109.41287,-2.24415,-0.09358, 0.09447,
14.70000,81.92840, 8.01757,14939.75663,-0.01450, 5.69766, 0.05527,502.88028, 4.52434, 0.00282,-0.02240, 0.05324, 0.00227,2109.41252,-2.24445,-0.08026, 0.09708, 8.80689, 3.90356,-0.08026,2109.41287,-2.24415,-0.09358, 0.09447,
14.80000,82.21293, 8.06918,14940.78266,-0.01673, 5.70288, 0.05555,502.81014, 4.52473, 0.00218,-0.02243, 0.05114, 0.00338,2109.41253,-2.24441,-0.08055, 0.09702, 8.74808, 3.85411,-0.08055,2109.41287,-2.24415,-0.09358, 0.09447,
14.90000,82.49042, 8.12064,14941.81287,-0.01888, 5.70789, 0.05593,502.73982, 4.52501, 0.00145,-0.02103, 0.04913, 0.00413,2109.41254,-2.24437,-0.08085, 0.09695, 8.68911, 3.80446,-0.08085,2109.41287,-2.24415,-0.09358, 0.09447,
15.00000,82.76088, 8.17194,14942.84714,-0.02083, 5.71271, 0.05637,502.66933, 4.52522, 0.00069,-0.01837, 0.04722, 0.00450,2109.41254,-2.24433,-0.08116, 0.09689, 8.62999, 3.75461,-0.08116,2109.41287,-2.24415,-0.09358, 0.09447,
15.10000,83.02428, 8.22310,14943.88539,-0.02245, 5.71734, 0.05682,502.59868, 4.52535,-0.00006,-0.01468, 0.04541, 0.00447,2109.41255,-2.24428,-0.08148, 0.09682, 8.57073, 3.70457,-0.08148,2109.41287,-2.24415,-0.09358, 0.09447,
15.20000,83.28061, 8.27411,14944.92752,-0.02367, 5.72179, 0.05725,502.52788, 4.52543,-0.00076,-0.01028, 0.04371, 0.00409,2109.41256,-2.24425,-0.08181, 0.09676, 8.51133, 3.65434,-0.08181,2109.41287,-2.24415,-0.09358, 0.09447,
15.30000,83.52986, 8.32497,14945.97341,-0.02443, 5.72609, 0.05763,502.45695, 4.52547,-0.00135,-0.00547, 0.04212, 0.00339,2109.41257,-2.24421,-0.08215, 0.09669, 8.45181, 3.60393,-0.08215,2109.41287,-2.24415,-0.09358, 0.09447,
15.40000,83.77200, 8.37570,14947.02295,-0.02471, 5.73022, 0.05793,502.38589, 4.52548,-0.00182,-0.00058, 0.04063, 0.00244,2109.41257,-2.24418,-0.08249, 0.09663, 8.39217, 3.55335,-0.08249,2109.41287,-2.24415,-0.09358, 0.09447,
15.50000,84.00703, 8.42630,14948.07605,-0.02452, 5.73422, 0.05812,502.31471, 4.52547,-0.00214, 0.00406, 0.03924, 0.00131,2109.41258,-2.24416,-0.08284, 0.09656, 8.33242, 3.50259,-0.08284,2109.41287,-2.24415,-0.09358, 0.09447,
15.60000,84.23494, 8.47678,14949.13258,-0.02389, 5.73807, 0.05819,502.24341, 4.52545,-0.00230, 0.00820, 0.03794, 0.00008,2109.41259,-2.24415,-0.08318, 0.09650, 8.27256, 3.45167,-0.08318,2109.41287,-2.24415,-0.09358, 0.09447,
15.70000,84.45571, 8.52715,14950.19244,-0.02290, 5.74181, 0.05813,502.17202, 4.52543,-0.00229, 0.01159, 0.03672,-0.00115,2109.41259,-2.24415,-0.08353, 0.09643, 8.21260, 3.40059,-0.08353,2109.41287,-2.24415,-0.09358, 0.09447,
15.80000,84.66934, 8.57740,14951.25551,-0.02162, 5.74542, 0.05796,502.10052, 4.52543,-0.00214, 0.01407, 0.03558,-0.00232,2109.41260,-2.24416,-0.08387, 0.09637, 8.15256, 3.34935,-0.08387,2109.41287,-2.24415,-0.09358, 0.09447,
15.90000,84.87581, 8.62754,14952.32169,-0.02016, 5.74892, 0.05767,502.02893, 4.52543,-0.00186, 0.01554, 0.03449,-0.00336,2109.41260,-2.24417,-0.08421, 0.09630, 8.09242, 3.29796,-0.08421,2109.41287,-2.24415,-0.09358, 0.09447,
16.00000,85.07512, 8.67759,14953.39087,-0.01860, 5.75232, 0.05729,501.95726, 4.52545,-0.00147, 0.01597, 0.03347,-0.00421,2109.41261,-2.24418,-0.08455, 0.09624, 8.03220, 3.24643,-0.08455,2109.41287,-2.24415,-0.09358, 0.09447,
16.10000,85.26726, 8.72754,14954.46294,-0.01706, 5.75562, 0.05683,501.88551, 4.52550,-0.00100, 0.01540, 0.03248,-0.00482,2109.41262,-2.24420,-0.08488, 0.09617, 7.97190, 3.19476,-0.08488,2109.41287,-2.24415,-0.09358, 0.09447,
16.20000,85.45222, 8.77739,14955.53780,-0.01563, 5.75882, 0.05633,501.81368, 4.52557,-0.00050, 0.01391, 0.03154,-0.00517,2109.41263,-2.24423,-0.08521, 0.09610, 7.91153, 3.14296,-0.08521,2109.41287,-2.24415,-0.09358, 0.09447,
16.30000,85.62999, 8.82714,14956.61533,-0.01439, 5.76193, 0.05581,501.74178, 4.52567, 0.00001, 0.01166, 0.03063,-0.00526,2109.41264,-2.24425,-0.08553, 0.09604, 7.85109, 3.09102,-0.08553,2109.41287,-2.24415,-0.09358, 0.09447,
16.40000,85.80057, 8.87679,14957.69544,-0.01340, 5.76494, 0.05528,501.66982, 4.52579, 0.00050, 0.00883, 0.02973,-0.00509,2109.41264,-2.24427,-0.08585, 0.09597, 7.79059, 3.03896,-0.08585,2109.41287,-2.24415,-0.09358, 0.09447,
16.50000,85.96395, 8.92635,14958.77802,-0.01272, 5.76787, 0.05479,501.59779, 4.52595, 0.00093, 0.00563, 0.02886,-0.00469,2109.41265,-2.24429,-0.08616, 0.09590, 7.73003, 2.98679,-0.08616,2109.41287,-2.24415,-0.09358, 0.09447,
16.60000,86.12013, 8.97580,14959.86298,-0.01235, 5.77072, 0.05435,501.52572, 4.52613, 0.00128, 0.00229, 0.02799,-0.00410,2109.41266,-2.24430,-0.08647, 0.09584, 7.66941, 2.93449,-0.08647,2109.41287,-2.24415,-0.09358, 0.09447,
16.70000,86.26910, 9.02515,14960.95021,-0.01232, 5.77347, 0.05397,501.45359, 4.52633, 0.00154,-0.00098, 0.02713,-0.00337,2109.41267,-2.24431,-0.08677, 0.09577, 7.60874, 2.88209,-0.08677,2109.41287,-2.24415,-0.09358, 0.09447,
16.80000,86.41085, 9.07438,14962.03962,-0.01259, 5.77614, 0.05368,501.38142, 4.52656, 0.00169,-0.00398, 0.02627,-0.00255,2109.41268,-2.24431,-0.08707, 0.09571, 7.54803, 2.82959,-0.08707,2109.41287,-2.24415,-0.09358, 0.09447,
16.90000,86.54538, 9.12351,14963.13112,-0.01314, 5.77873, 0.05346,501.30921, 4.52681, 0.00173,-0.00654, 0.02541,-0.00169,2109.41269,-2.24431,-0.08737, 0.09564, 7.48727, 2.77698,-0.08737,2109.41287,-2.24415,-0.09358, 0.09447,
17.00000,86.67269, 9.17252,14964.22459,-0.01391, 5.78122, 0.05334,501.23696, 4.52709, 0.00166,-0.00853, 0.02454,-0.00085,2109.41270,-2.24430,-0.08766, 0.09557, 7.42647, 2.72428,-0.08766,2109.41287,-2.24415,-0.09358, 0.09447,
17.10000,86.79277, 9.22142,14965.31997,-0.01484, 5.78363, 0.05329,501.16469, 4.52738, 0.00150,-0.00985, 0.02366,-0.00008,2109.41271,-2.24429,-0.08795, 0.09551, 7.36564, 2.67148,-0.08795,2109.41287,-2.24415,-0.09358, 0.09447,
17.20000,86.90562, 9.27019,14966.41714,-0.01586, 5.78596, 0.05332,501.09238, 4.52769, 0.00125,-0.01047, 0.02277, 0.00057,2109.41272,-2.24428,-0.08824, 0.09544, 7.30478, 2.61860,-0.08824,2109.41287,-2.24415,-0.09358, 0.09447,
17.30000,87.01125, 9.31885,14967.51602,-0.01690, 5.78819, 0.05340,501.02006, 4.52802, 0.00095,-0.01039, 0.02186, 0.00108,2109.41273,-2.24426,-0.08852, 0.09537, 7.24389, 2.56564,-0.08852,2109.41287,-2.24415,-0.09358, 0.09447,
17.40000,87.10964, 9.36738,14968.61652,-0.01790, 5.79033, 0.05353,500.94772, 4.52836, 0.00061,-0.00966, 0.02095, 0.00142,2109.41274,-2.24424,-0.08881, 0.09531, 7.18299, 2.51260,-0.08881,2109.41287,-2.24415,-0.09358, 0.09447,
17.50000,87.20079, 9.41580,14969.71854,-0.01879, 5.79238, 0.05368,500.87538, 4.52871, 0.00025,-0.00836, 0.02002, 0.00158,2109.41276,-2.24421,-0.08909, 0.09524, 7.12206, 2.45948,-0.08909,2109.41287,-2.24415,-0.09358, 0.09447,
17.60000,87.28471, 9.46410,14970.82200,-0.01953, 5.79433, 0.05384,500.80303, 4.52907,-0.00010,-0.00661, 0.01907, 0.00156,2109.41277,-2.24419,-0.08937, 0.09517, 7.06113, 2.40630,-0.08937,2109.41287,-2.24415,-0.09358, 0.09447,
17.70000,87.36140, 9.51228,14971.92681,-0.02008, 5.79619, 0.05399,500.73067, 4.52943,-0.00043,-0.00454, 0.01811, 0.00137,2109.41278,-2.24417,-0.08965, 0.09511, 7.00018, 2.35305,-0.08965,2109.41287,-2.24415,-0.09358, 0.09447,
17.80000,87.43085, 9.56035,14973.03288,-0.02041, 5.79795, 0.05411,500.65833, 4.52980,-0.00070,-0.00231, 0.01714, 0.00105,2109.41279,-2.24416,-0.08993, 0.09504, 6.93923, 2.29974,-0.08993,2109.41287,-2.24415,-0.09358, 0.09447,
17.90000,87.49306, 9.60830,14974.14012,-0.02052, 5.79962, 0.05419,500.58599, 4.53018,-0.00092,-0.00005, 0.01615, 0.00061,2109.41280,-2.24414,-0.09020, 0.09498, 6.87829, 2.24638,-0.09020,2109.41287,-2.24415,-0.09358, 0.09447,
18.00000,87.54805, 9.65615,14975.24844,-0.02042, 5.80118, 0.05423,500.51368, 4.53056,-0.00107, 0.00208, 0.01514, 0.00009,2109.41281,-2.24413,-0.09048, 0.09491, 6.81735, 2.19296,-0.09048,2109.41287,-2.24415,-0.09358, 0.09447,
18.10000,87.59580, 9.70390,14976.35775,-0.02011, 5.80264, 0.05421,500.44138, 4.53094,-0.00114, 0.00396, 0.01412,-0.00047,2109.41282,-2.24413,-0.09076, 0.09484, 6.75642, 2.13949,-0.09076,2109.41287,-2.24415,-0.09358, 0.09447,
18.20000,87.63632, 9.75155,14977.46796,-0.01964, 5.80401, 0.05413,500.36912, 4.53131,-0.00115, 0.00549, 0.01309,-0.00103,2109.41284,-2.24412,-0.09104, 0.09478, 6.69550, 2.08598,-0.09104,2109.41287,-2.24415,-0.09358, 0.09447,
18.30000,87.66962, 9.79909,14978.57899,-0.01905, 5.80526, 0.05400,500.29688, 4.53169,-0.00108, 0.00661, 0.01205,-0.00156,2109.41285,-2.24412,-0.09132, 0.09471, 6.63461, 2.03243,-0.09132,2109.41287,-2.24415,-0.09358, 0.09447,
18.40000,87.69570, 9.84654,14979.69074,-0.01836, 5.80642, 0.05382,500.22469, 4.53206,-0.00095, 0.00725, 0.01100,-0.00202,2109.41286,-2.24413,-0.09160, 0.09464, 6.57374, 1.97885,-0.09160,2109.41287,-2.24415,-0.09358, 0.09447,
18.50000,87.71456, 9.89390,14980.80313,-0.01764, 5.80746, 0.05360,500.15254, 4.53243,-0.00078, 0.00742, 0.00993,-0.00240,2109.41287,-2.24413,-0.09188, 0.09458, 6.51291, 1.92524,-0.09188,2109.41287,-2.24415,-0.09358, 0.09447,
18.60000,87.72621, 9.94117,14981.91606,-0.01693, 5.80840, 0.05335,500.08045, 4.53280,-0.00057, 0.00712, 0.00886,-0.00267,2109.41288,-2.24414,-0.09216, 0.09451, 6.45210, 1.87160,-0.09216,2109.41287,-2.24415,-0.09358, 0.09447,
18.70000,87.73065, 9.98834,14983.02945,-0.01627, 5.80923, 0.05307,500.00841, 4.53316,-0.00035, 0.00642, 0.00778,-0.00282,2109.41289,-2.24415,-0.09244, 0.09445, 6.39134, 1.81793,-0.09244,2109.41287,-2.24415,-0.09358, 0.09447,
18.80000,87.72790,10.03543,14984.14320,-0.01570, 5.80996, 0.05279,499.93644, 4.53351,-0.00012, 0.00537, 0.00670,-0.00285,2109.41290,-2.24416,-0.09272, 0.09438, 6.33062, 1.76425,-0.09272,2109.41287,-2.24415,-0.09358, 0.09447,
18.90000,87.71794,10.08242,14985.25723,-0.01525, 5.81057, 0.05250,499.86453, 4.53386, 0.00009, 0.00407, 0.00561,-0.00276,2109.41291,-2.24417,-0.09300, 0.09431, 6.26996, 1.71056,-0.09300,2109.41287,-2.24415,-0.09358, 0.09447,
19.00000,87.70080,10.12932,14986.37145,-0.01494, 5.81108, 0.05223,499.79270, 4.53421, 0.00028, 0.00260, 0.00452,-0.00257,2109.41293,-2.24417,-0.09329, 0.09425, 6.20935, 1.65686,-0.09329,2109.41287,-2.24415,-0.09358, 0.09447,
19.10000,87.67649,10.17613,14987.48576,-0.01478, 5.81148, 0.05199,499.72096, 4.53455, 0.00043, 0.00108, 0.00343,-0.00230,2109.41294,-2.24418,-0.09357, 0.09418, 6.14880, 1.60315,-0.09357,2109.41287,-2.24415,-0.09358, 0.09447,
19.20000,87.64500,10.22284,14988.60007,-0.01476, 5.81176, 0.05178,499.64930, 4.53489, 0.00054,-0.00040, 0.00233,-0.00196,2109.41295,-2.24418,-0.09385, 0.09412, 6.08832, 1.54945,-0.09385,2109.41287,-2.24415,-0.09358, 0.09447,
19.30000,87.60635,10.26947,14989.71430,-0.01488, 5.81194, 0.05160,499.57773, 4.53522, 0.00059,-0.00176, 0.00124,-0.00158,2109.41296,-2.24418,-0.09414, 0.09405, 6.02790, 1.49574,-0.09414,2109.41287,-2.24415,-0.09358, 0.09447,
19.40000,87.56055,10.31599,14990.82835,-0.01513, 5.81201, 0.05146,499.50626, 4.53554, 0.00060,-0.00291, 0.00015,-0.00118,2109.41297,-2.24417,-0.09442, 0.09398, 5.96757, 1.44205,-0.09442,2109.41287,-2.24415,-0.09358, 0.09447,
19.50000,87.50761,10.36242,14991.94213,-0.01547, 5.81197, 0.05136,499.43490, 4.53586, 0.00056,-0.00379,-0.00093,-0.00080,2109.41298,-2.24417,-0.09471, 0.09392, 5.90731, 1.38837,-0.09471,2109.41287,-2.24415,-0.09358, 0.09447,
19.60000,87.44753,10.40875,14993.05555,-0.01589, 5.81183, 0.05130,499.36366, 4.53618, 0.00048,-0.00437,-0.00202,-0.00046,2109.41299,-2.24416,-0.09500, 0.09385, 5.84714, 1.33470,-0.09500,2109.41287,-2.24415,-0.09358, 0.09447,
19.70000,87.38034,10.45498,14994.16852,-0.01634, 5.81157, 0.05127,499.29253, 4.53650, 0.00036,-0.00462,-0.00310,-0.00016,2109.41300,-2.24415,-0.09528, 0.09379, 5.78706, 1.28106,-0.09528,2109.41287,-2.24415,-0.09358, 0.09447,
19.80000,87.30604,10.50112,14995.28094,-0.01681, 5.81121, 0.05126,499.22152, 4.53681, 0.00022,-0.00456,-0.00417, 0.00007,2109.41301,-2.24414,-0.09557, 0.09372, 5.72708, 1.22745,-0.09557,2109.41287,-2.24415,-0.09358, 0.09447,
19.90000,87.22465,10.54715,14996.39274,-0.01725, 5.81074, 0.05128,499.15065, 4.53712, 0.00006,-0.00421,-0.00524, 0.00021,2109.41302,-2.24413,-0.09585, 0.09366, 5.66720, 1.17386,-0.09585,2109.41287,-2.24415,-0.09358, 0.09447,
20.00000,87.13618,10.59309,14997.50380,-0.01764, 5.81016, 0.05130,499.07990, 4.53742,-0.00011,-0.00360,-0.00630, 0.00028,2109.41303,-2.24412,-0.09614, 0.09359, 5.60742, 1.12031,-0.09614,2109.41287,-2.24415,-0.09358, 0.09447,
